1	19746598
1	42966036
1	43032493
1	152529621
1	158916114
1	158922286
1	158930500
1	158932554
1	158932906
1	192539408
1	192540283
1	192540316
1	192540545
1	192540604
1	192540690
1	192541367
1	192541732
1	192542950
1	192543179
1	192543427
1	204345922
1	226012576
1	233137714
2	9803663
2	23437968
2	24376930
2	24380714
2	24384423
2	24386211
2	24388095
2	24390516
2	24391128
2	24396490
2	24399559
2	24404221
2	24407517
2	24429512
2	24432619
2	24434344
2	24441697
2	24441882
2	24443329
2	24452179
2	24490412
2	24546541
2	24565358
2	24568242
2	24576239
2	24598278
2	36886965
2	46127317
2	55069950
2	68274759
2	71461603
2	71498272
2	71671866
2	113580992
2	113587217
2	115492886
2	120031697
2	141279942
2	141280078
2	141280148
2	146642134
2	154821313
2	154823938
2	154829586
2	154829968
2	154830367
2	154838492
2	154845481
2	154852070
2	154852536
2	154859076
2	154861506
2	154864347
2	154871458
2	154874672
2	154883540
2	154886244
2	154889519
2	154891916
2	154904905
2	154946025
2	171010975
2	171011678
2	171011704
2	172092918
2	172135456
2	172136367
2	172154593
2	172226753
2	172259686
2	184941468
2	187713411
2	193983673
2	205036412
2	219797605
2	219814294
2	219814306
2	228972425
2	228974222
2	228985269
2	233950264
2	234942756
2	235703403
2	235706128
3	4720117
3	23733191
3	23734097
3	23734177
3	30082802
3	62551774
3	65458191
3	65461908
3	65462015
3	65463810
3	65490592
3	65501337
3	100908968
3	119421910
3	143297048
3	148989316
3	156788927
4	43401791
4	43424979
4	47691350
4	82572629
4	82574437
4	82587469
4	82607942
4	82608857
4	82609487
4	84728040
4	84737579
4	101305892
4	131711570
4	173388800
4	173409233
4	173447338
4	173448398
4	175726702
4	177304950
4	177348532
4	177570464
4	177571526
4	177571706
4	181942405
4	188721511
5	23301374
5	23303002
5	23306115
5	23308379
5	23313058
5	23315548
5	23324350
5	65643186
5	65644186
5	75442440
5	75443227
5	75443583
5	75443729
5	76467983
5	76468397
5	76471462
5	98472682
5	103577853
5	115639861
5	116283649
5	118588002
5	124380525
5	141176936
5	141184445
5	159297655
5	159298311
5	159381079
5	171018466
6	69077819
6	69448446
6	69513048
6	69680062
6	77993257
6	77993869
6	85997096
6	86002336
6	110131251
6	112059184
6	133753824
6	133756704
6	133761662
6	133763904
6	133803286
6	133805361
6	133808224
6	133808246
6	133810579
6	139593771
7	10529709
7	10530261
7	12815190
7	12815319
7	12815729
7	12816069
7	12816277
7	12817826
7	12817828
7	25716974
7	25722312
7	25746799
7	25762767
7	25765237
7	25766186
7	25770174
7	25770923
7	25771085
7	25771150
7	25771789
7	25772042
7	25772402
7	25772569
7	25773403
7	25774189
7	25775689
7	25777596
7	25778397
7	35680897
7	35719133
7	38641902
7	41470092
7	43625857
7	43636168
7	43648479
7	43652205
7	43657874
7	43658788
7	43660468
7	43660818
7	43664197
7	43665499
7	43674675
7	43676519
7	43676931
7	43676951
7	43677104
7	43679854
7	43681186
7	43681381
7	43682280
7	43685149
7	43685286
7	43686193
7	43686223
7	43687379
7	43687676
7	43687966
7	43691657
7	43692092
7	43692426
7	43693519
7	43695323
7	43696668
7	43697192
7	43697511
7	43698815
7	43699110
7	43699302
7	43700345
7	43700882
7	43705562
7	43709734
7	43719867
7	43720942
7	43724255
7	43726583
7	43726967
7	43738876
7	43744894
7	43750548
7	43757971
7	43760712
7	43761121
7	43763568
7	43763614
7	43765798
7	43767097
7	43768771
7	43769148
7	43773662
7	43778214
7	43781256
7	43784861
7	43785791
7	43789442
7	43807268
7	43808434
7	43810819
7	103908169
7	103908725
7	124065660
7	153478764
8	6786780
8	10275848
8	18869431
8	18905295
8	54444168
8	54449791
8	58711449
8	58715766
8	58716847
8	63734875
8	65770667
8	65774603
8	65776832
8	65776848
8	65778238
8	65780967
9	3037902
9	9908721
10	1009785
10	1036192
10	1043057
10	1054778
10	11852450
10	20445528
10	20448084
10	20460659
10	20465074
10	20495918
10	20497486
10	20499328
10	20499693
10	20500380
10	20503693
10	45904713
10	54013362
10	54019619
10	54023828
10	54023870
10	56217751
10	92938952
10	92959546
10	115336567
11	20315796
11	20315999
11	20319081
11	30531304
11	30533038
11	45218042
11	81136154
11	81147951
11	87130315
11	91661858
11	91664312
11	102270273
11	102309322
11	105894575
11	105903544
11	107884389
11	114231254
11	114231395
11	114235729
11	114393313
11	122553138
11	123136863
11	123137034
11	123139550
11	123139616
11	123139694
12	14114656
12	25996906
12	28202818
12	45889817
12	45893295
12	63845860
12	70500559
12	94239137
12	94240024
12	105687945
12	128223686
12	130923088
12	131734815
12	131736812
13	30353344
13	30357577
13	31533164
13	43704966
13	58765647
13	58765911
13	92108857
13	109818063
14	33353628
14	33353762
14	37374621
14	50517595
14	52508540
14	53454523
14	53468274
14	54730844
14	54730862
16	31386861
16	61145625
16	61360176
16	61374551
16	61425917
16	77720010
16	78853525
16	78860826
17	31421900
17	43945287
17	43976812
17	44076062
17	50496762
19	15486024
19	16427606
19	16428397
19	17337307
19	49076922
19	49083492
20	15402156
20	15411169
20	15416393
20	18341813
20	41942285
20	56536934
20	61164752
21	35672269
21	35680300
22	34909132
