1	2526746
1	2553624
1	2709164
1	8046672
1	24861704
1	25303576
1	61767141
1	61791863
1	167411384
1	167420425
1	172711000
1	183559704
1	192502783
1	192530615
1	192536813
1	200892137
2	30445322
2	61095245
2	61119471
2	61154325
2	61164729
2	61171045
2	61186829
2	61217542
2	61224259
2	61230647
2	61253415
2	61287445
2	61304002
2	61306754
2	61330217
2	61638952
2	61772257
2	61774473
2	61798829
2	61825142
2	61836773
2	68607947
2	68610120
2	102895784
2	102917788
2	102926981
2	102966067
2	102971865
2	103066858
2	103070568
2	103110375
2	103120769
2	103148169
2	103155069
2	103173059
2	103245025
2	155352210
2	181829296
2	181969931
2	181977227
2	181996045
2	182007800
2	182050534
2	182068399
2	204718729
2	204802578
2	204814676
3	9568136
3	32457198
3	33038183
3	39304602
3	39307256
3	46000870
3	46108400
3	46173446
3	46186310
3	46235201
3	46352384
3	46586179
3	46593147
3	69254120
3	69269236
3	112055793
3	119214549
3	119243934
3	159502763
3	159505603
3	159552022
3	159623559
3	159640152
3	159663317
3	159665050
3	159675391
3	159682591
3	159685800
3	159696998
3	169420117
3	169425402
3	169458199
3	169464459
3	169492101
3	169509652
3	169518455
3	169545652
3	188072513
3	188075185
3	188082285
3	188087628
3	188089254
3	188112554
3	188124354
4	122984633
4	123073009
4	123101111
4	123115502
4	123183205
4	123218313
4	123228113
4	123282772
4	123341159
4	123395041
4	123508501
4	123552814
4	123554707
5	9902403
5	55560027
5	141555515
5	141564645
5	150401796
5	150531247
5	150535013
6	383546
6	408012
6	411064
6	412741
6	415406
6	730114
6	749311
6	90814199
6	90828169
6	90926612
6	91019304
6	92829488
6	109814411
6	109959269
6	127886128
6	128278798
6	128295502
6	137955032
6	137973068
6	137979971
6	137987908
6	138011665
6	139431060
6	139438008
6	139438117
6	139491093
6	139523295
6	149442245
6	149486333
6	159331420
6	159463452
6	159463964
6	159465977
6	159472295
6	159490436
7	32151370
7	37374510
7	50234801
7	105291444
8	22438313
8	32345693
8	32350046
8	64907701
8	96978748
8	103073460
8	103114573
8	129264589
8	129316014
9	5490522
9	92342790
9	100740124
9	100782695
10	3733386
10	6276743
10	49686384
10	69623271
10	69720082
10	69773841
10	81037229
10	81058027
10	93892153
10	103891974
10	103894939
10	103984060
10	129026189
11	11135795
11	16485301
11	16533793
11	16641718
11	16735491
11	16745680
11	32065256
11	72877964
11	128382804
11	128403208
11	128415129
11	128420926
11	128480513
12	69311053
12	111716376
12	111756438
12	111765464
12	111873167
12	111884608
12	112007756
12	112906415
13	44448934
13	50835715
13	111100947
14	69277341
14	69278204
14	69308182
14	85196163
14	85693904
15	63960795
15	63995423
15	75271229
15	75363357
15	75424593
15	75444033
15	75447773
16	11403893
17	5237012
17	5261220
17	5262749
17	44865439
17	75839026
18	12809340
18	50548544
18	50703746
18	50905206
18	56202768
20	4087050
20	46153148
20	46228667
20	59890586
21	15711567
21	45647421
22	21939675
22	21982892
X	3649902
X	12967890
X	12971524
X	142601232
1	2524915
1	2713327
1	4698559
1	4737531
1	12233754
1	12674271
1	12678741
1	24818499
1	59002966
1	60505480
1	78992537
1	90925169
1	92124463
1	104800294
1	104801649
1	104804691
1	104887653
1	104893852
1	104910603
1	158998665
1	159002778
1	159005649
1	160180906
1	160189500
1	167427247
1	192484169
1	192485470
1	192510030
1	192524049
1	192538496
1	192541021
1	192544795
1	245773041
2	61077570
2	61167034
2	61540642
2	68587477
2	68598955
2	77691733
2	102912664
2	103039929
2	103092021
2	103094213
2	103098474
2	103113983
2	103114334
2	103114895
2	103115568
2	103115838
2	103116223
2	103117268
2	103117283
2	103118299
2	103118689
2	103120868
2	103123301
2	103123965
2	103128866
2	103134652
2	103136446
2	103137990
2	103138761
2	103138825
2	103176411
2	182038445
2	182038729
2	182043094
2	182073573
2	182099816
2	182111206
2	204778600
2	227646959
3	14483960
3	18305698
3	33015469
3	39306219
3	39306784
3	46011436
3	46032847
3	46035097
3	46061840
3	46061997
3	46090557
3	46281744
3	46345611
3	46503214
3	46565341
3	69252899
3	69273190
3	95548755
3	112069392
3	119118796
3	124635512
3	159634474
3	159654171
3	159677620
3	159686345
3	159691112
3	159700325
3	169559234
3	188076764
3	188114589
4	5754115
4	48052003
4	123010587
4	123124327
4	123263446
4	123371049
4	123511012
6	14136373
6	90828882
6	128245765
6	128287313
6	137959235
6	137967252
6	137981584
6	138007530
6	139435878
6	139470762
6	149233995
6	159514778
6	159515309
7	18866447
7	26036724
7	36802963
7	37411758
7	47494033
7	49928919
7	105277793
7	131852910
8	67188281
8	96905645
8	96925737
9	273160
9	274108
9	92321289
10	104019447
11	16758246
11	55135435
11	128380974
11	128385906
11	128403004
11	133376450
12	9876091
12	68481411
12	111504033
12	112072424
12	112486818
12	112610714
13	22181334
13	34931857
14	27510897
14	69259502
14	69259662
14	78676432
16	10964118
16	11403963
16	11528773
16	88989510
20	19682909
20	19683445
20	19707009
20	35673056
21	21040255
22	21964761
