1	12471224
1	20618229
1	20634397
1	63503895
1	85242786
1	85244832
1	85245595
1	85246017
1	175201726
1	181971797
1	220052719
1	233591840
1	233591900
1	233594379
1	233601881
1	249143645
1	249165059
1	249166592
1	249168435
2	8367304
2	18897491
2	18897953
2	61045036
2	64306983
2	64312800
2	64339906
2	74313079
2	102879463
2	102883974
2	102887127
2	102914213
2	111940146
2	193183485
2	193213579
2	212642287
2	212642373
2	212737232
3	102434724
3	102452454
4	25310441
4	25425377
4	31344113
4	31349540
4	31354089
4	31354116
4	31358975
4	154018262
5	40493645
5	61120697
5	61120824
5	61123067
5	61124894
5	61125017
5	61126385
5	67583806
5	76264353
5	76266446
5	110401871
5	110404998
5	110408001
5	110464007
5	112980108
5	112980423
5	112992108
5	150438476
5	150438987
5	150442828
5	172361256
5	172366463
6	11605963
6	13903808
6	29932999
6	47328103
6	47343391
6	86189519
6	131926333
6	131928007
6	131950797
6	155366097
6	155368211
6	155370383
7	57130534
8	97384972
8	97409611
8	97414596
8	97417733
8	97419534
8	124027300
8	124027561
8	134786517
9	3989264
9	12650287
9	12666091
9	38187415
9	74340909
9	78781259
9	95387554
9	95449519
9	95866838
9	130736876
9	130778459
10	8081491
10	8111408
10	11846268
10	18669270
10	59196409
10	70766812
10	81021840
10	98443391
10	102205291
11	11990397
11	15333430
11	25664198
11	25670929
11	25671656
11	79487988
11	93742264
11	122893938
12	16781140
12	39819703
12	75939172
12	75955370
13	22083332
13	44239767
13	59797725
13	59804024
13	59807989
13	59811661
13	59814258
13	59815205
13	59816480
13	59819142
13	67527642
13	67599911
13	67632762
13	76264363
13	76272282
14	41531395
14	41538194
14	41544348
14	41557600
14	41565755
14	103317021
14	103361690
14	103362723
15	24921770
15	50709126
15	69410279
15	69410838
15	83755055
15	83781630
16	3501603
16	3512694
16	3517580
16	3519210
16	3522302
16	3524241
16	3533576
16	3534891
16	3535539
16	23517299
16	27125710
16	27126714
16	80909018
17	8062101
17	8066782
17	8068044
17	8078764
17	8079028
17	8087352
17	8094019
17	8099182
17	8103026
17	8103694
17	8119625
17	8129537
17	8131222
17	8136091
17	37922258
17	37929815
17	37938046
17	37970148
17	37976468
17	37985800
17	38024625
17	38025207
17	38029119
17	38030204
17	38033276
17	38035115
17	38036585
17	38040118
17	38040762
17	38043342
17	38049232
17	38049588
17	38051347
17	38057196
17	38062195
17	38062216
17	38064404
17	38066239
17	38066266
17	38067019
17	38068042
17	38069948
17	38074030
17	38074045
17	38074517
17	38075425
17	38080911
17	38082806
17	38088416
17	38089343
17	38091659
17	38092712
17	38095173
17	38099034
17	38101931
17	38107626
17	38114597
17	38121992
17	38122679
18	57572890
18	68093508
19	51360095
21	24943074
22	20787849
22	20789073
