1	28648892
1	90272371
1	164159809
1	183925660
1	215130572
2	34946283
2	102879463
2	102883974
2	102887127
2	102953616
2	102954652
2	102955055
2	102955081
2	102957347
2	102966548
2	139119792
2	150718560
2	150721030
2	150726007
2	150727219
2	150729452
2	150732922
2	150735157
2	150740331
2	193032743
2	193035470
2	193035722
2	193048894
2	193050041
2	193052660
2	193053135
2	193054526
2	200128357
2	200243868
2	216797324
2	230379523
2	230380813
3	7365431
3	7365493
3	9788167
3	13270826
3	13274119
3	13287361
3	16425348
3	18852696
3	20147561
3	20156301
3	20348476
3	20355918
3	20358712
3	20363141
3	20364684
3	20365257
3	20366368
3	20367900
3	44161248
3	182921736
3	187412270
3	187415733
3	187417713
3	187417967
3	187419315
3	187419727
3	187421218
3	187428607
3	187428685
3	187435687
3	187436166
3	187446730
3	187448996
3	187452481
3	187456754
3	187458769
3	187682383
4	42779378
4	58444317
4	66260525
4	66260544
4	66273052
4	91166786
4	91195106
4	91214104
4	141855791
4	141873700
5	10935006
5	34863033
5	34909993
5	50807592
5	50834644
5	50836717
5	50838587
5	50842944
5	50843525
5	50854746
5	50854907
5	50856029
5	50858886
5	54900771
5	54904804
5	54920544
5	54931082
5	54944261
5	54944655
5	54944794
5	54944975
5	54945674
5	54945889
5	54945994
5	54949188
5	54951060
5	54980289
5	54980459
5	54980894
5	54994063
5	54997330
5	55005185
5	55005407
5	55008320
5	55009896
5	85104490
5	140705924
5	153770058
5	153772080
5	153772160
5	153772267
5	153772288
5	176255656
5	179678309
5	179679832
6	11327685
6	21245968
6	64619494
6	145073792
6	145074797
6	145092039
6	145118791
6	145122947
6	145148110
6	158070338
7	36777865
7	36778331
7	46626854
7	85253345
7	103461908
7	103884180
7	134038695
7	156468558
8	21707712
8	21707843
8	21708823
8	21711430
8	21711650
8	29380637
8	115215345
8	115235428
8	115235912
8	115247554
8	128059065
8	128070316
8	134690651
8	134700811
8	134706661
8	134707289
8	134708442
8	134709252
9	6194830
9	25800941
9	25803104
9	82029555
9	82032096
9	82046185
9	82046450
9	82046970
9	82047373
9	82048008
9	82048327
9	82048642
9	82048887
9	82049299
9	82049460
9	82051903
9	82052197
9	82052461
9	82059953
9	82060527
9	82060819
9	82074707
9	82077884
9	82078207
9	82081213
9	82087110
9	82093029
9	82096193
9	84462223
9	84462942
9	126959072
10	1918479
10	1918880
10	1922513
10	1923820
10	1924373
10	1925815
10	1928219
10	24103344
10	24104159
10	24113805
10	24115016
10	24121296
10	28440866
10	30861710
10	71571520
10	101372042
10	101372410
10	101374336
10	101376897
10	101380303
10	101385865
10	101387057
10	101391168
10	101392216
10	101392720
10	101394427
10	101410558
10	101411886
10	101412470
10	101413862
10	101416646
10	101418366
10	101426526
10	101427049
10	101433391
10	101433671
10	101435122
10	101436904
10	101438563
10	101439251
10	101449099
10	101449520
10	101451545
10	101453260
10	101457154
10	101457952
10	101459039
10	101463180
10	101465779
10	101469604
10	101485769
10	101542577
11	2194174
11	6081496
11	78233440
11	126331181
12	57375553
12	57381674
12	57445844
12	122856531
12	122900459
12	122931819
12	122943375
12	122950374
12	122985056
12	123063911
12	123079034
12	123087441
12	123100396
12	123101672
12	123110421
12	123112805
12	123116208
13	24570383
13	30125100
13	36067126
13	36074711
13	36075458
13	36076693
13	36078782
13	36079425
13	73856347
14	70483669
14	85761419
14	97274600
14	97295630
14	97304024
14	97311320
14	97314778
14	97314792
14	97351774
14	97352280
14	97360101
14	97383128
14	97384490
14	101655785
15	23744501
15	85550869
17	15388329
17	15406196
17	15461952
17	15461963
17	30361628
17	30377161
17	30454719
17	30468565
17	30480683
17	30487940
17	30494037
17	30501401
17	30501417
17	30507536
17	37843680
17	37866004
17	37876834
17	37884036
17	37922258
17	37929815
17	37938046
17	37970148
17	37976468
17	37985800
17	38024625
17	38025207
17	38029119
17	38030204
17	38033276
17	38035115
17	38036585
17	38040118
17	38040762
17	38043342
17	38049232
17	38049588
17	38051347
17	38057196
17	38062195
17	38062216
17	38064404
17	38066239
17	38066266
17	38067019
17	38068042
17	38069948
17	38074030
17	38074045
17	38074517
17	38075425
17	38080911
17	38082806
17	38088416
17	38089343
17	60017887
18	603599
18	605529
18	608017
18	608178
18	608341
18	608467
18	33061439
19	29731804
19	30330443
19	30331584
19	30340411
19	30345525
19	30350138
19	30359223
19	30369009
19	30370369
19	30371714
19	30373391
19	51710756
20	8122161
20	8122524
20	19393364
20	50004580
21	18404955
21	21396041
21	21415692
22	43459122
22	43459845
22	43461274
22	43474124
22	43480925
22	43490633
22	43496494
22	43620618
