1	4551678
1	4551725
1	32081999
1	32085775
1	32092734
1	32093560
1	32099040
1	32129040
1	32131162
1	32132318
1	32133736
1	32135494
1	32147672
1	85238206
1	85242786
1	85244832
1	85245595
1	105003010
1	108144793
1	108176008
1	108191512
1	151257590
1	151496717
1	152454590
1	152475232
1	152476742
1	152480653
1	152492558
1	152493153
1	152496011
1	152529621
1	158913524
1	158932554
1	158932906
1	205467784
1	220068680
1	225941781
1	225941943
1	225943873
1	225949382
1	225954460
1	225955630
1	225955671
1	225956882
1	225958098
1	225961941
1	225962524
1	225974530
1	225985112
1	225989751
1	225990371
1	225994514
1	235909484
1	235959704
1	249168435
1	249170710
2	3903946
2	4758794
2	18888903
2	18897953
2	26526762
2	38009236
2	52339682
2	102181621
2	102734550
2	102735611
2	102738784
2	102741717
2	102742114
2	102744337
2	102750019
2	102765877
2	102769785
2	102771340
2	102773998
2	102879463
2	102883974
2	102887127
2	102914213
2	102953616
2	102954652
2	102955055
2	102955081
2	102957347
2	102957715
2	102960583
2	102966548
2	102966905
2	102967235
2	102967412
2	102967586
2	102967927
2	102968006
2	102968074
2	102968284
2	102968355
2	102974370
2	102974763
2	102976171
2	102978458
2	102984623
2	102986221
2	102986374
2	103054073
2	108212611
2	111935975
2	111936934
2	111937939
2	111938719
2	111940146
2	111942970
2	111943513
2	111943620
2	111943789
2	111944739
2	111944872
2	111944926
2	111945086
2	111946455
2	111946823
2	111947466
2	111948808
2	111949095
2	111949560
2	111950593
2	111951212
2	113289031
2	121337279
2	127345752
2	127347112
2	127352098
2	163909112
2	163911989
2	163936461
2	163938017
2	163953720
2	163954715
2	164000931
2	177632803
2	180665844
2	180739449
2	200128357
2	200243868
2	212733163
2	217150152
2	217150387
2	217150513
2	217151314
2	223739819
2	223741504
2	223745672
2	223749561
2	223775389
2	223785503
2	223788716
2	223802753
2	223807379
2	234942756
3	7312401
3	7350357
3	7363886
3	37840083
3	63660578
3	75234409
3	76674903
3	76676488
3	76676524
3	76676536
3	76676754
3	76677007
3	76677985
3	76678497
3	76680131
3	76681494
3	104717303
3	104726592
3	108095364
3	127236453
3	149787950
3	164280364
3	175028242
3	188073302
3	188099419
3	188100255
3	188120642
3	188120739
3	188120782
3	188124353
3	188125119
4	43383911
4	62995032
4	63025822
4	63034073
4	63037323
4	63046702
4	63048397
4	63049554
4	63059786
4	63062141
4	66486985
4	66487140
4	66496169
4	66499015
4	66500570
4	66504489
4	66523482
4	86252221
4	86252434
4	86255296
4	175755486
4	175761219
5	20362213
5	20373578
5	20373616
5	20394744
5	22227894
5	22241676
5	64347620
5	81753835
5	81775725
5	94671210
5	94677644
5	94679479
5	94681917
5	94683785
5	94686803
5	94699186
5	94710013
5	94730339
5	110401871
5	147854061
5	149215212
5	149228647
5	149231331
5	150438987
6	25411463
6	90866226
6	90941239
6	90941288
6	90944830
6	90946478
6	90951238
6	90958501
6	90984034
6	90986685
6	90986748
6	155358105
6	155368211
6	159631199
6	159632011
6	159641705
6	168969853
7	25770174
7	25770923
7	25771150
7	25772402
7	25772569
7	25773403
7	25774189
7	25775689
7	25777596
7	32295768
7	32337338
7	32354344
7	32356038
7	32364142
7	32364279
7	35719133
7	46621907
7	53102359
7	97160883
7	104192397
7	152835473
7	152848981
8	423540
8	4213846
8	4221561
8	28069927
8	58711449
8	58715766
8	58716847
8	101117733
8	101137896
8	101139412
8	101171237
8	101184986
8	101189251
8	101192523
8	101230522
8	101232700
8	101233895
8	101234125
8	101247319
8	101249761
8	101252461
8	101252679
8	101275033
8	101292853
8	101295991
8	101309988
8	101319325
8	101330956
8	101331009
8	101333048
8	123748283
8	123752595
8	123755194
8	123756107
8	128903272
8	135370973
8	138921491
9	4012496
9	6188739
9	6192795
9	6193454
9	6194830
9	6195284
9	6197391
9	6209696
9	6210098
9	6213386
9	6236976
9	6697127
9	25922837
9	25923261
9	33513755
9	33514499
9	33517533
9	33517794
9	33517806
9	33521291
9	36907800
9	36907858
9	36909772
9	36910791
9	36914405
9	36915177
9	36915242
9	36915406
9	80813103
9	97671895
9	97675839
9	97723867
9	97738136
9	116739376
9	116739468
9	116741438
9	116742213
9	116742334
9	116747115
9	116749529
9	116752770
9	116752897
9	126958965
9	126959072
9	126959751
9	126959925
9	126959972
9	133751525
9	136114066
10	8081491
10	8098718
10	8526164
10	31894817
10	31896331
10	36570119
10	43583149
10	43585873
10	43588380
10	43589512
10	43592203
10	43593042
10	43594452
10	43604147
10	43604389
10	43604949
10	101392720
10	101416646
10	101418366
10	101457952
10	128825310
11	1643727
11	35038875
11	45191856
11	45193778
11	45203211
11	45213619
11	45218042
11	45218482
11	45221962
11	45237857
11	45247175
11	45258965
11	45263339
11	45266469
11	45334663
11	81461365
11	81466716
11	81467651
11	81467910
11	81468617
11	81470603
11	81471735
11	81472489
11	81473259
11	81474348
11	81474639
11	81475168
11	81475539
11	81475759
11	81475778
11	81477370
11	81477829
11	81478319
11	81478339
11	81478821
11	81479086
11	81480321
11	81481439
11	81481653
11	81481967
11	81482462
11	81482991
11	95416715
11	100067707
11	108847234
11	116673767
12	12162398
12	23332053
12	25993803
12	25998069
12	26001520
12	26002694
12	26005525
12	26006681
12	26010351
12	26012583
12	26015175
12	26020092
12	26022137
12	26028406
12	26033285
12	26034943
12	26035141
12	26035663
12	26035677
12	26035841
12	26036177
12	26036193
12	26038326
12	26038422
12	57445844
12	57486032
12	57489827
12	75974885
12	101145067
12	114686644
12	122963549
13	22083332
13	23742930
13	28333623
13	36075458
13	42780627
13	48226367
13	48238077
13	67599911
13	67603172
13	90652103
13	90659601
13	98886830
15	61045029
15	61045071
15	61062966
15	67331310
16	7811586
16	11182892
16	15917011
16	24431464
16	55260044
16	59886837
17	8036627
17	25800561
17	30460336
17	30488010
17	30549107
17	30549372
17	30554949
17	30555102
17	30556281
17	37770480
17	37784989
17	37790370
17	37807697
17	37810217
17	37813855
17	37814079
17	37821434
17	37828495
17	37829603
17	37830899
17	37831034
17	37832314
17	37832703
17	37833034
17	37833599
17	37833841
17	37834540
17	37834997
17	37835754
17	37836242
17	37836352
17	37838715
17	37838750
17	37843549
17	37843680
17	37843858
17	37861717
17	37866004
17	37876834
17	37884036
17	37922258
17	37929815
17	37938046
17	37970148
17	37976468
17	37985800
17	38020140
17	38024625
17	38025207
17	38025416
17	38029119
17	38030204
17	38033276
17	38035115
17	38036585
17	38040118
17	38040762
17	38043342
17	38049232
17	38049588
17	38051347
17	38057196
17	38062195
17	38062216
17	38064404
17	38066239
17	38066266
17	38067019
17	38068042
17	38069948
17	38074030
17	38074045
17	38074517
17	38075425
17	38080911
17	38082806
17	38082830
17	38084349
17	38085384
17	38085721
17	38085790
17	38088416
17	38089343
17	38091659
17	38092712
17	38095173
17	38099034
17	38101931
17	38107626
17	38111353
17	38111844
17	38114360
17	38114597
17	38119253
17	38121992
17	38122679
17	57624193
17	57691501
17	57702852
17	57713279
17	57715910
17	57728343
17	57730188
17	57733797
17	57740074
17	57755579
17	57766974
18	21543787
18	29474799
19	30373391
19	34739721
20	8123993
20	10903698
20	43724878
20	58365837
20	59884103
20	59885068
20	59885307
20	59886151
20	59886351
20	59891848
21	17410408
21	18404955
21	43865674
22	48415125
