1	2502780
1	2513216
1	2526746
1	2538738
1	2553624
1	2709164
1	2713327
1	2727804
1	2749716
1	9347278
1	53126155
1	66952867
1	85716807
1	85721911
1	85732941
1	85763899
1	85765619
1	85772009
1	92212703
1	92828505
1	92935411
1	92939978
1	92944994
1	93004497
1	93017221
1	93103152
1	93108402
1	93139374
1	93148377
1	93210876
1	93215718
1	93218776
1	93274450
1	93303603
1	93352669
1	93393718
1	93397300
1	93439821
1	93466960
1	101236137
1	101240893
1	101272079
1	101322866
1	101331536
1	101350306
1	101351661
1	101407519
1	101426960
1	101472742
1	101475901
1	101486061
1	101504079
1	101528954
1	101604753
1	101622960
1	117036551
1	117081810
1	117100957
1	157569194
1	157598092
1	157608122
1	157623017
1	157641683
1	157668390
1	157669278
1	157680114
1	157780892
1	192530615
1	192536813
1	192541021
1	192544795
1	200881595
1	200892137
1	200998819
1	201009556
1	201020727
2	10372061
2	24281484
2	24337594
2	30510444
2	43346789
2	43359061
2	68598955
2	68607947
2	68610120
2	68647095
2	68741960
2	111871897
2	112463125
2	112466265
2	112473872
2	112633562
2	112658779
2	112665201
2	112767406
2	147841792
2	162962045
2	200730028
2	200751582
2	227054881
2	231106724
2	231107829
2	231114131
2	231183321
3	16970938
3	27764623
3	27788780
3	27797810
3	28060456
3	28071444
3	28081442
3	33171659
3	54820146
3	55194254
3	56914065
3	56920909
3	56942973
3	56953624
3	71545170
3	71571667
3	71595258
3	101675949
3	101705763
3	101748638
3	101755738
3	101756221
3	119107277
3	119114693
3	119122820
3	119145512
3	119150836
3	119151227
3	119205050
3	119219934
3	119260944
3	121501070
3	121505882
3	121509881
3	121541387
3	121543577
3	121597888
3	121660664
3	121723700
3	121770539
3	121770858
3	121796768
3	159688029
3	159691112
3	159696099
3	159709651
3	159718268
3	169492101
3	169509652
3	169518455
3	180351804
4	38696934
4	40303633
4	48163461
4	87768517
4	87769929
4	95694977
4	103551603
4	103557077
4	103578637
4	103611845
4	153860172
4	153865930
4	186571441
5	35874575
5	35881376
5	35943042
5	35952140
5	35966681
5	40357663
5	40361676
5	40372223
5	40386555
5	40392728
5	40393605
5	40401509
5	40431183
5	40431664
5	79666489
5	95390839
5	108998717
5	117943909
5	133431834
5	133446575
5	133486500
5	133510116
5	140955777
5	141523000
5	142600294
5	142605172
5	158759900
5	176659570
5	176669030
5	176780545
5	176784512
6	7084857
6	7118990
6	25355099
6	25411464
6	25446308
6	25629658
6	25641200
6	25821770
6	26446705
6	26500563
6	27037080
6	27670697
6	27712825
6	28004556
6	28223731
6	28250236
6	28331252
6	28346910
6	28354250
6	28358320
6	28390843
6	28436060
6	28447915
6	28448086
6	28461221
6	28484869
6	28494327
6	28502550
6	29081161
6	29275298
6	29533295
6	29537975
6	29539482
6	29540745
6	29550618
6	29558190
6	29559295
6	29631744
6	29634012
6	29635928
6	29673483
6	29679047
6	29683944
6	29691019
6	29695713
6	29700079
6	29702510
6	29703262
6	29706933
6	29710726
6	29724310
6	29728209
6	29734098
6	29768344
6	29782621
6	29810543
6	29816371
6	29823606
6	29829265
6	29829986
6	29833541
6	29836577
6	29837188
6	29840648
6	29906691
6	29922740
6	29928649
6	29929253
6	29933261
6	29937833
6	29937924
6	29939240
6	29940488
6	29940750
6	29941943
6	29942191
6	29943490
6	29943656
6	29944004
6	29955199
6	30002881
6	30031345
6	30045199
6	30061361
6	30074028
6	30075843
6	30075864
6	30092707
6	30101656
6	30105743
6	30115204
6	30116078
6	30119890
6	30121460
6	30122575
6	30128442
6	30144420
6	30196855
6	30199016
6	30204526
6	30205407
6	30209802
6	30210807
6	30282332
6	30339564
6	30339602
6	30347833
6	30367182
6	30368635
6	30369040
6	30372278
6	30372570
6	30372987
6	30378447
6	30384317
6	30384322
6	30394628
6	30406756
6	30411089
6	30419831
6	30430520
6	30433611
6	30434900
6	30435288
6	30438226
6	30455920
6	30496882
6	30512505
6	30519258
6	30536133
6	30552937
6	30575603
6	30726748
6	30768636
6	30769478
6	30770732
6	30772378
6	30774474
6	30782105
6	30782235
6	30785273
6	30787593
6	30794617
6	30796738
6	30799072
6	30800577
6	30805921
6	30821187
6	30822771
6	30823630
6	30838688
6	30844314
6	30848253
6	30855907
6	30864829
6	30882513
6	30882634
6	30890483
6	30890871
6	30894759
6	30895990
6	30896147
6	30897022
6	30900664
6	30904714
6	30912481
6	30914751
6	30920890
6	30921882
6	30932532
6	30932682
6	30946496
6	30955681
6	30961926
6	30966304
6	30983263
6	30983683
6	30986527
6	30987176
6	30987211
6	30987786
6	30991559
6	30993533
6	30993590
6	30993958
6	30998742
6	30999997
6	31002013
6	31002616
6	31005726
6	31008598
6	31010200
6	31018407
6	31018546
6	31025989
6	31026009
6	31054511
6	31060162
6	31070664
6	31075375
6	31080899
6	31081409
6	31083813
6	31084435
6	31087934
6	31091862
6	31091992
6	31092124
6	31097301
6	31105413
6	31105633
6	31105891
6	31107087
6	31107733
6	31111356
6	31111400
6	31113214
6	31114573
6	31118511
6	31119422
6	31119589
6	31122330
6	31124849
6	31125569
6	31126944
6	31130593
6	31133943
6	31134888
6	31136453
6	31139452
6	31142245
6	31162963
6	31167815
6	31167927
6	31184020
6	31184196
6	31186534
6	31195218
6	31206616
6	31208340
6	31209510
6	31210216
6	31210265
6	31232111
6	31232543
6	31233214
6	31234381
6	31234541
6	31236051
6	31243170
6	31244520
6	31245736
6	31251462
6	31252747
6	31256753
6	31258837
6	31260345
6	31262169
6	31269308
6	31271157
6	31272157
6	31272321
6	31273745
6	31274380
6	31275174
6	31317347
6	31320538
6	31327334
6	31334945
6	31336870
6	31346822
6	31347057
6	31348580
6	31350704
6	31350802
6	31352348
6	31379109
6	31382882
6	31384792
6	31388109
6	31412961
6	31428967
6	31431780
6	31435869
6	31436789
6	31439063
6	31446466
6	31446546
6	31446796
6	31447588
6	31449994
6	31461089
6	31464739
6	31465819
6	31476854
6	31481299
6	31481526
6	31482203
6	31483415
6	31483458
6	31485174
6	31506691
6	31515799
6	31522669
6	31529883
6	31531215
6	31533606
6	31536224
6	31539767
6	31540784
6	31555130
6	31566204
6	31568469
6	31572927
6	31575276
6	31597753
6	31602967
6	31610384
6	31610529
6	31610686
6	31613739
6	31627523
6	31628733
6	31639979
6	31665194
6	31669496
6	31679307
6	31681160
6	31687008
6	31688217
6	31794592
6	31802541
6	31815723
6	31870856
6	31905130
6	31907147
6	31916951
6	31928306
6	31933161
6	31934372
6	31941557
6	32071893
6	32123639
6	32126002
6	32134510
6	32145205
6	32146492
6	32147761
6	32149816
6	32151443
6	32171683
6	32184345
6	32185796
6	32186264
6	32187023
6	32188383
6	32190620
6	32191457
6	32191607
6	32193678
6	32195017
6	32199144
6	32205110
6	32211218
6	32211317
6	32212985
6	32218989
6	32219725
6	32244627
6	32245827
6	32265528
6	32266506
6	32299822
6	32317635
6	32322393
6	32323529
6	32326045
6	32333439
6	32336187
6	32337686
6	32338695
6	32339647
6	32348145
6	32354428
6	32357715
6	32358270
6	32361111
6	32363215
6	32363816
6	32368087
6	32373698
6	32375973
6	32376348
6	32376471
6	32379736
6	32380208
6	32380262
6	32383108
6	32383223
6	32384721
6	32387780
6	32387809
6	32389648
6	32392877
6	32401079
6	32401217
6	32404859
6	32404878
6	32406342
6	32411646
6	32414273
6	32427789
6	32578052
6	32590722
6	32627714
6	32651117
6	32657578
6	32658079
6	32663564
6	32663851
6	32671248
6	32679690
6	32680928
6	32681355
6	32685685
6	32687973
6	32704523
6	32711178
6	32713267
6	32714143
6	32741742
6	32743217
6	32743298
6	32745043
6	32752139
6	32757297
6	32759448
6	32763110
6	32763888
6	32765130
6	32765182
6	32765268
6	32765451
6	32766854
6	32769663
6	32780724
6	32782582
6	32782605
6	32783086
6	32784620
6	32787056
6	32787570
6	32796226
6	32796346
6	32796685
6	32796751
6	32797361
6	32797684
6	32797876
6	32798283
6	32798548
6	32798731
6	32798795
6	32800224
6	32802820
6	32804219
6	32804414
6	32804798
6	32804909
6	32804934
6	32808232
6	32809848
6	32811383
6	32811629
6	32812858
6	32812916
6	32816700
6	32817774
6	32819865
6	32822858
6	32823567
6	32825348
6	32835258
6	32838664
6	32845873
6	32852448
6	32865997
6	32870057
6	32880993
6	32899296
6	32899485
6	32900718
6	32903900
6	32905811
6	32911814
6	32914613
6	32921774
6	32922459
6	32941214
6	32941910
6	32944987
6	32951662
6	32961104
6	32973281
6	32974401
6	32975257
6	32975381
6	32975511
6	32976759
6	32977420
6	32977535
6	32985052
6	32998564
6	33004387
6	33034596
6	33039625
6	33045558
6	33054861
6	33055538
6	33056897
6	33059796
6	33059996
6	33060949
6	33072266
6	33075635
6	33083121
6	33083134
6	33085851
6	33086249
6	33090836
6	33096274
6	33097561
6	33098276
6	33098966
6	33099210
6	33100732
6	33107955
6	33124658
6	33125725
6	33130430
6	33139328
6	33141253
6	33141280
6	33142539
6	33144373
6	33154656
6	33163451
6	33173842
6	33174783
6	33179689
6	33240506
6	33241169
6	33256397
6	33326434
6	33427350
6	33535466
6	33542538
6	33553580
6	33574413
6	33576577
6	33630472
6	33653111
6	33677556
6	33684313
6	33696785
6	36349890
6	36363819
6	36375304
6	36386464
6	90127390
6	90814199
6	90926612
6	90946479
6	90957463
6	90996769
6	91002494
6	128278798
6	135494875
6	135495574
6	135624811
6	135642756
6	135649013
6	135715375
6	135721285
6	135739355
6	135765129
6	135848223
6	135859697
6	135870778
6	135939355
6	135942119
6	135983115
6	135989650
6	136002027
6	136019147
6	136056234
6	137341012
6	137422752
6	137452908
6	137465074
6	137959235
6	137967214
6	137967252
6	138154501
6	144510926
6	159465977
6	159467351
6	159472295
6	159484776
6	159490436
6	159514778
7	2448493
7	3109177
7	3113034
7	3114461
7	3119823
7	3121829
7	3137677
7	3155813
7	10796892
7	10798492
7	10854493
7	18628779
7	22768249
7	37386098
7	37436854
7	50241812
7	55962907
7	56047215
7	56146956
7	105710737
7	131570695
7	131606162
7	138719231
7	149184850
7	149289464
7	149297104
8	6634214
8	9411719
8	9411808
8	9418167
8	9421789
8	71405288
8	71433755
8	76034604
8	79394667
8	79401038
8	79413343
8	79572222
8	79587855
8	79593736
8	79621709
8	79641769
8	79654145
8	128815029
8	129192271
9	17739006
9	93563536
9	103803109
9	111460075
10	6049344
10	6079846
10	6086292
10	6087295
10	6087794
10	6088699
10	6101713
10	6106266
10	6106552
10	6108439
10	6110829
10	6123495
10	6130077
10	6152310
10	6161781
10	6176112
10	6182423
10	8098719
10	31386822
10	31415106
10	43642810
10	62481380
10	64396921
10	78727604
10	81060317
10	81065201
10	82414719
10	94462882
10	94464307
10	94465559
10	94481917
10	94492716
10	110286149
11	60760971
11	60832282
11	60835322
11	63999529
11	64085298
11	64097233
11	65711517
11	65727301
11	65769295
11	95311422
11	116238034
11	118182660
11	118611781
11	118743286
11	118743772
11	118747813
11	118754353
11	118765600
11	122522375
12	6440009
12	6446777
12	6449115
12	9833628
12	9876091
12	9910164
12	13738988
12	46175469
12	48190166
12	57968738
12	57978740
12	58020933
12	58062667
12	58068388
12	58076515
12	58112189
12	58124992
12	58133256
12	58144665
12	58162739
12	58165085
12	58166403
12	58229377
13	32535996
13	42139245
13	50841323
13	50931565
13	50935922
13	50945706
14	41512121
14	69233836
14	69254191
14	69277341
14	69278204
14	69285264
14	76005557
14	76010981
14	76022400
14	76028680
14	84634432
14	88407888
14	88409527
14	88411295
14	88412641
14	88419358
14	88446876
14	88473178
14	88487689
14	88497451
14	88553868
14	88554609
14	88559615
14	88628106
14	90891435
14	103263788
15	47982456
15	62481555
16	1065433
16	1070147
16	1073552
16	11045842
16	11048350
16	11060151
16	11061997
16	11062936
16	11063011
16	11078338
16	11085968
16	11088808
16	11092319
16	11103725
16	11111347
16	11114006
16	11114623
16	11138812
16	11142720
16	11145810
16	11150248
16	11167914
16	11169683
16	11170761
16	11174652
16	11177801
16	11187783
16	11189888
16	11199678
16	11199980
16	11201428
16	11203730
16	11210415
16	11229589
16	11238783
16	11241906
16	11286690
16	11354970
16	11362729
16	11363692
16	11379938
16	11384829
16	11392772
16	11398265
16	11403893
16	11403963
16	11404762
16	11475576
16	79649394
16	79652541
16	85975659
16	85978105
16	86008641
16	86011033
16	86018633
17	2255351
17	38253212
17	40494902
17	40507980
17	40514201
17	43392208
17	43403005
17	44915265
17	45377577
17	57822354
17	57832391
17	57934169
17	57963537
17	57989557
17	57989860
17	58024275
17	67442274
17	78283987
18	56213390
18	56384192
18	56422868
19	4868689
19	6668972
19	10520064
19	10577843
19	10616303
19	10621108
19	12813683
19	18234441
19	18244690
19	18255359
19	18288069
19	18304700
19	18305824
19	18326222
19	18389135
19	18395537
19	41149644
19	45146103
19	47661493
19	49214470
19	49812403
19	49828897
19	49869051
19	49878196
19	49886010
19	49914696
20	44702120
20	52785859
20	52786073
20	52791518
20	52810143
20	56335741
20	62372813
20	62409713
20	62471233
21	20968671
22	22129215
22	22131125
22	22186479
22	22290403
22	22292995
22	37260601
22	37263706
22	37268555
22	37305507
22	37310046
22	37312561
22	37316388
22	37316476
22	50957462
22	50971266
