13	39776775
20	49905793
6	31306778
6	31464003
6	31344549
1	152577542
5	159323761
6	31188008
6	31285148
5	159290781
5	151098757
5	132660272
6	137878280
12	56344189
1	67228519
9	132900647
17	27779649
16	30931304
14	35212966
20	49905793
12	56045425
20	45352086
5	159332892
6	111592059
17	22180454
2	60864815
6	31285148
1	24193430
2	60854407
2	162404181
3	18742931
5	96766240
6	111352511
14	35363460
19	10359299
6	111374888
19	10362257
1	67240275
1	152578800
5	159323761
6	31306778
6	137878280
12	56344189
20	49938440
11	128533313
11	128533313
11	128324555
11	128324555
11	128277554
6	111605706
12	56045425
12	56344189
14	35212966
16	30931304
19	10707416
19	48703374
19	52951536
20	49905793
2	60854407
2	162404181
5	96766240
5	132660272
5	151087628
6	577820
6	111352511
6	111334327
6	137876687
7	37346633
9	32523739
9	108054739
1	69322799
3	16954543
3	101944711
5	40370622
10	73839369
15	85535884
3	189897686
13	39759232
13	44760058
21	35098568
3	189897686
13	39759232
13	44760058
21	35098568
20	9781800
9	35507293
11	120243712
21	33464741
21	34642609
21	33464741
3	191162345
5	159337169
5	151098757
5	159409099
2	162272314
1	152631366
6	137874556
2	60853347
5	159322080
2	162267541
14	35363460
17	27779649
5	159337169
5	159337169
1	152631366
5	151098757
5	159337169
5	151098757
2	162272314
1	152631366
5	159409099
6	137874556
14	35363460
2	60853347
5	159322080
17	27779649
5	132660272
2	162267541
18	54270962
9	32523739
17	42413017
19	52948038
1	8204052
1	24191716
19	10707416
6	542416
1	67205072
1	67170267
14	35363460
12	56346898
12	56346898
16	30989488
16	30989488
6	111352511
6	111352511
20	50016073
20	50016073
3	16954543
3	101896982
6	20678199
10	73894114
3	4978778
9	108054739
9	32523739
10	73839369
11	110091706
11	64329761
20	49939692
2	62324337
16	30993491
10	79273128
14	35383280
5	132660753
2	162404181
22	21574352
12	56356420
5	151087628
7	37346633
5	96783569
3	189897686
17	27797882
6	111592059
19	10352442
16	11271643
11	128536543
6	31298313
1	152619708
6	137878280
2	60856371
1	24966593
1	24192153
3	101944711
5	159337169
19	10707416
13	44760058
1	67260421
