1	2529360
1	2541269
1	2507415
1	2521430
1	2524915
1	2524966
1	2525665
1	2526746
1	2528133
1	2528682
1	2532416
1	2533552
1	2538738
1	2539006
1	2539901
1	2542653
1	2544640
1	2546229
1	2551660
1	2551785
1	2552071
1	2553624
1	2553758
1	2699649
1	2709164
1	2716624
1	2721576
1	18489319
1	22652501
1	38260503
1	38614867
1	38616871
1	38622268
1	38624129
1	38635462
1	38639208
1	38650917
1	113821584
1	113828836
1	113828930
1	113829208
1	113830085
1	113830745
1	113833086
1	113840351
1	113841736
1	113844824
1	113845459
1	113848334
1	113848902
1	113857970
1	113858833
1	113880299
1	113881390
1	113891038
1	113891118
1	113910209
1	113912281
1	113914390
1	113918302
1	113933482
1	113945989
1	113959886
1	113972875
1	113995283
1	114058349
1	114071219
1	114075796
1	114076546
1	114080071
1	114081002
1	114082932
1	114084544
1	114088416
1	114089316
1	114093834
1	114095339
1	114096097
1	114101115
1	114101719
1	114105476
1	114108252
1	114108711
1	114109621
1	114110836
1	114110901
1	114111036
1	114119237
1	114123773
1	114129474
1	114134977
1	114139616
1	114139922
1	114139991
1	114147865
1	114149792
1	114149945
1	114151847
1	114155409
1	114157023
1	114157788
1	114161116
1	114162619
1	114173410
1	114185590
1	114186138
1	114191994
1	114194513
1	114196495
1	114196883
1	114197693
1	114203101
1	114208961
1	114216449
1	114217527
1	114217705
1	114218451
1	114219601
1	114221123
1	114132712
1	114228200
1	114139359
1	114233871
1	114235379
1	114243899
1	114244177
1	114249382
1	114162194
1	114256139
1	114267347
1	114275437
1	114187371
1	114280717
1	114282287
1	114287902
1	114292544
1	114296664
1	114212571
1	114302966
1	114303808
1	114309172
1	114311768
1	114312435
1	114312623
1	114315493
1	114316220
1	114318604
1	114318727
1	114323318
1	114330202
1	114330453
1	114331315
1	114331645
1	114334222
1	114338236
1	114343336
1	114344083
1	114345750
1	114346904
1	114351706
1	114267645
1	114360067
1	114363459
1	114364104
1	114364476
1	114365752
1	114366434
1	114367116
1	114369734
1	114374435
1	114377093
1	114377148
1	114377568
1	114383097
1	114386083
1	114389748
1	114393748
1	114396280
1	114396816
1	114396955
1	114397799
1	114401231
1	114406451
1	114412667
1	114415368
1	114417437
1	114417843
1	114418205
1	114419368
1	114420328
1	114420462
1	114421313
1	114426824
1	114427293
1	114429340
1	114429461
1	114433946
1	114433970
1	114434176
1	114436482
1	114436970
1	114437060
1	114438951
1	114443035
1	114443419
1	114446341
1	114447034
1	114357750
1	114447565
1	114447914
1	114448389
1	114449662
1	114451307
1	114451386
1	114471583
1	114475350
1	114477497
1	114478118
1	114393153
1	114401904
1	114503636
1	114523465
1	114525588
1	114525636
1	114526216
1	114527375
1	114527534
1	114528741
1	114529014
1	114529141
1	114530432
1	114531480
1	114532097
1	114532457
1	114534454
1	114535293
1	114536207
1	114536780
1	114537037
1	114538821
1	114539586
1	114541498
1	114546528
1	114546804
1	114547798
1	114551381
1	117257351
1	117263138
1	117263790
1	117263868
1	117264336
1	161479745
1	167405132
1	167408670
1	167411384
1	180257692
1	180489737
2	61002639
2	61003503
2	61019699
2	61032832
2	61043834
2	61068167
2	61099420
2	61136129
2	61160619
2	61164331
2	61167216
2	65539641
2	65542416
2	65544862
2	65546395
2	65546879
2	65554415
2	65557287
2	65558375
2	65559027
2	65559641
2	65561392
2	65562970
2	65567690
2	65570307
2	65575553
2	65577651
2	65578368
2	65579228
2	65580221
2	65581074
2	65581200
2	65581300
2	65583101
2	65584274
2	65592325
2	65595586
2	65596657
2	65597066
2	65597657
2	65597671
2	65598241
2	65598300
2	65601234
2	65602109
2	65602149
2	65605194
2	65605220
2	65605408
2	65605780
2	65606653
2	65606991
2	65607011
2	65607294
2	65607543
2	65608909
2	65609437
2	65609677
2	65610471
2	65614197
2	65614362
2	65614613
2	65615428
2	65619710
2	65623189
2	65627406
2	65633190
2	65633884
2	65635688
2	65639543
2	69763121
2	70376944
2	70407123
2	70618903
2	70621179
2	70622831
2	70623747
2	70642807
2	70650204
2	76881746
2	76882935
2	100636757
2	100641459
2	100643464
2	100647552
2	100647872
2	100652578
2	100659796
2	100662010
2	100666082
2	100672692
2	100675241
2	100686173
2	100686486
2	100704810
2	100726476
2	100730111
2	100732845
2	100734471
2	100739732
2	100739970
2	100741766
2	100743453
2	100743492
2	100744924
2	100745404
2	100746395
2	100746642
2	100746935
2	100758137
2	100760172
2	100761105
2	100762786
2	100767232
2	100767886
2	100775045
2	100782273
2	100789346
2	100789877
2	100789907
2	100794402
2	100795207
2	100796543
2	100801198
2	100804992
2	100805128
2	100805273
2	100806514
2	100806940
2	100813499
2	100814893
2	100825367
2	100830348
2	100832155
2	100832218
2	100835734
2	100837567
2	100845088
2	100848321
2	100853187
2	100857017
2	100859622
2	100860595
2	100862359
2	100862903
2	100864498
2	100870862
2	191900449
2	191902758
2	191913642
2	191913799
2	191921874
2	191933283
2	191935804
2	191943742
2	191964633
2	191966452
2	191969341
2	191969879
2	191970120
2	191973034
2	202171573
2	204608177
2	204610004
2	204610396
2	204612058
2	204690355
2	204691538
2	204693736
2	204693876
2	204694263
2	204694280
2	204694465
2	204694611
2	204694621
2	204694805
2	204694974
2	204695788
2	204699952
2	204700574
2	204706107
2	204707417
2	204707585
2	204708646
2	204708776
2	204709349
2	204712143
2	204713891
2	204717713
2	204721132
2	204722159
2	204731089
2	204738919
2	204749250
2	204754353
2	204756905
2	204758358
2	204777818
2	204780841
2	204783582
2	204784212
2	204786474
2	204788156
2	204791469
2	204791529
2	204792409
2	204793298
2	204793339
2	204794757
3	58555895
3	58556841
3	58588663
3	58588681
3	189306170
3	189310903
3	189335602
4	26085511
4	26086569
4	26090375
4	26090862
4	26098810
4	26104113
4	26108197
4	26120001
4	26122858
4	48466781
4	48476539
4	48486598
4	48562340
4	169568045
4	187770517
5	11005150
5	11012693
5	39742473
5	39743022
5	39753535
5	39762565
5	39766315
5	39770157
5	39770956
5	39782692
5	55434432
5	55435220
5	55438580
5	55438851
5	55444711
5	55455645
5	55472289
5	55479662
5	55504034
5	55545859
5	55560027
5	55567087
5	102595837
5	102595892
5	102596720
5	102600754
5	102602902
5	102608213
5	102608681
5	102608924
5	102614327
5	102615707
5	102622041
5	102622453
5	102623924
5	102624008
5	102627355
5	102634029
5	102637855
5	102638099
5	102641571
5	102649888
5	102650524
5	102657821
5	102660400
5	102663326
5	102664996
5	102673133
5	102677364
5	102681261
5	102681284
5	102681381
5	102681586
5	102686157
5	128301211
5	133827455
5	141484933
5	150438988
5	157306163
5	157321188
5	167907762
5	168008743
6	23920719
6	26464789
6	26470862
6	26478909
6	26479891
6	26484330
6	26514771
6	26544110
6	26555289
6	26582414
6	26745240
6	27212135
6	27229561
6	27229821
6	27476327
6	27670697
6	27688993
6	27712825
6	27745714
6	27864908
6	27890631
6	27895504
6	27902869
6	27902992
6	27904181
6	27925367
6	27928445
6	27932762
6	27948574
6	27961947
6	27970541
6	27971958
6	27979188
6	27979769
6	27985388
6	28015355
6	28044756
6	28055495
6	28110478
6	28134106
6	28152567
6	28156476
6	28175636
6	28178512
6	28178636
6	28181675
6	28184371
6	28185726
6	28186554
6	28189389
6	28189663
6	28201364
6	28204793
6	28207737
6	28209197
6	28215641
6	28222980
6	28227436
6	28238969
6	28240798
6	28243042
6	28250236
6	28252859
6	28254988
6	28255040
6	28255749
6	28256622
6	28256947
6	28257720
6	28260443
6	28262869
6	28264692
6	28265547
6	28268497
6	28269663
6	28270047
6	28270251
6	28272868
6	28275625
6	28282648
6	28285482
6	28291240
6	28295039
6	28299295
6	28321544
6	28331331
6	28331834
6	28335378
6	28341976
6	28342745
6	28346910
6	28346945
6	28352657
6	28354250
6	28359700
6	28366262
6	28367623
6	28370078
6	28374902
6	28396190
6	28399246
6	28400339
6	28411244
6	28413491
6	28415572
6	28423599
6	28426296
6	28512017
6	28546952
6	28556051
6	28565827
6	28606367
6	28606603
6	28635592
6	28706912
6	28715769
6	28715911
6	28723841
6	28806318
6	28829309
6	28830191
6	28839747
6	28843432
6	28847310
6	28852710
6	28855831
6	28863483
6	28868217
6	28870975
6	28890219
6	28894311
6	28899416
6	28901565
6	28912307
6	28921940
6	28923980
6	28928167
6	28936424
6	28941688
6	28949529
6	28952881
6	28958458
6	28961819
6	28968132
6	28968930
6	28972089
6	28980707
6	28992508
6	28994989
6	28995719
6	28996177
6	29002062
6	29004313
6	29012116
6	29032184
6	29039230
6	29041567
6	29041803
6	29053998
6	29062194
6	29067772
6	29068759
6	29077787
6	29078151
6	29080349
6	29095943
6	29101121
6	29104672
6	29104935
6	29106468
6	29107052
6	29107654
6	29108729
6	29110778
6	29110838
6	29111621
6	29118530
6	29118596
6	29118813
6	29138315
6	29138777
6	29140217
6	29141743
6	29165389
6	29170261
6	29171039
6	29175599
6	29179145
6	29179237
6	29180285
6	29191389
6	29201650
6	29228246
6	29229146
6	29234510
6	29235193
6	29235233
6	29236242
6	29236588
6	29237221
6	29237774
6	29238015
6	29238426
6	29240279
6	29253756
6	29269143
6	29272012
6	29272301
6	29273612
6	29275298
6	29280638
6	29299503
6	29306484
6	29315419
6	29323259
6	29325160
6	29325602
6	29335198
6	29335537
6	29336054
6	29337101
6	29341007
6	29341308
6	29341364
6	29341623
6	29341666
6	29343355
6	29346226
6	29348297
6	29355494
6	29357645
6	29359170
6	29361017
6	29361033
6	29364787
6	29381906
6	29385237
6	29407378
6	29434414
6	29452411
6	29456021
6	29473501
6	29476325
6	29476508
6	29477295
6	29477857
6	29493144
6	29496876
6	29519173
6	29525591
6	29528897
6	29531860
6	29535190
6	29535217
6	29537426
6	29537975
6	29539482
6	29539914
6	29540204
6	29540745
6	29542947
6	29543646
6	29545284
6	29549261
6	29550416
6	29551861
6	29558190
6	29558364
6	29559295
6	29563067
6	29567638
6	29570841
6	29575003
6	29576393
6	29577938
6	29589666
6	29610989
6	29611431
6	29613218
6	29616607
6	29617747
6	29618525
6	29626321
6	29628883
6	29629774
6	29629961
6	29631588
6	29631690
6	29632318
6	29632350
6	29633674
6	29634003
6	29634268
6	29634417
6	29634511
6	29634617
6	29634716
6	29634927
6	29634968
6	29635508
6	29635517
6	29636409
6	29638425
6	29638434
6	29640785
6	29642194
6	29643287
6	29644502
6	29644633
6	29645038
6	29645118
6	29645578
6	29645634
6	29647642
6	29649056
6	29649105
6	29650122
6	29651492
6	29651685
6	29651935
6	29652576
6	29653186
6	29653329
6	29653695
6	29653964
6	29654700
6	29654943
6	29655113
6	29655289
6	29656417
6	29656578
6	29661456
6	29662374
6	29663889
6	29664131
6	29664452
6	29665458
6	29667273
6	29668913
6	29669640
6	29670366
6	29670443
6	29670536
6	29671095
6	29673818
6	29673929
6	29674429
6	29675791
6	29676537
6	29676764
6	29677249
6	29677641
6	29678150
6	29678390
6	29682667
6	29682889
6	29683944
6	29689164
6	29690694
6	29691019
6	29691090
6	29691857
6	29693011
6	29695305
6	29695466
6	29695713
6	29695854
6	29697681
6	29699156
6	29699253
6	29699713
6	29699784
6	29700079
6	29700615
6	29701476
6	29701564
6	29702061
6	29702206
6	29702510
6	29702679
6	29702709
6	29703262
6	29704316
6	29704400
6	29704673
6	29704921
6	29705028
6	29705405
6	29705507
6	29705659
6	29705688
6	29706128
6	29706277
6	29706793
6	29706900
6	29707050
6	29707704
6	29708417
6	29709234
6	29709286
6	29709407
6	29709840
6	29709949
6	29710628
6	29710726
6	29711124
6	29711747
6	29712036
6	29712759
6	29713580
6	29714413
6	29715762
6	29715997
6	29716589
6	29717811
6	29718355
6	29718544
6	29719561
6	29720961
6	29721305
6	29721397
6	29722515
6	29723674
6	29723979
6	29724939
6	29725321
6	29725724
6	29726046
6	29726550
6	29727954
6	29729924
6	29730095
6	29730504
6	29730730
6	29731635
6	29731787
6	29732430
6	29732813
6	29733223
6	29733462
6	29733502
6	29733678
6	29733701
6	29733742
6	29734098
6	29734118
6	29734634
6	29735280
6	29735533
6	29735693
6	29736047
6	29736942
6	29736995
6	29737481
6	29737677
6	29737846
6	29738569
6	29738665
6	29741199
6	29741338
6	29741971
6	29742220
6	29742284
6	29742342
6	29742846
6	29742895
6	29742915
6	29742930
6	29743117
6	29743525
6	29743563
6	29743671
6	29744833
6	29745075
6	29745175
6	29745439
6	29745593
6	29745794
6	29745884
6	29747561
6	29756838
6	29757715
6	29759078
6	29764041
6	29764443
6	29764486
6	29764647
6	29764707
6	29765003
6	29765020
6	29765835
6	29765925
6	29766082
6	29766085
6	29766247
6	29766260
6	29767345
6	29767346
6	29767625
6	29768037
6	29768049
6	29768137
6	29768344
6	29768503
6	29768780
6	29768801
6	29768917
6	29769128
6	29769147
6	29769246
6	29769280
6	29769521
6	29769557
6	29770322
6	29770758
6	29770980
6	29771238
6	29773158
6	29773541
6	29773720
6	29773852
6	29774164
6	29774187
6	29775525
6	29775662
6	29775950
6	29776108
6	29777199
6	29778029
6	29780698
6	29780940
6	29782027
6	29782621
6	29782633
6	29782690
6	29783382
6	29784503
6	29785101
6	29786506
6	29787238
6	29787369
6	29789171
6	29789190
6	29789999
6	29792114
6	29792488
6	29792575
6	29793385
6	29793724
6	29794317
6	29794443
6	29796115
6	29796640
6	29796685
6	29797173
6	29797782
6	29797933
6	29798425
6	29798459
6	29798749
6	29801474
6	29803650
6	29804165
6	29805149
6	29805166
6	29805551
6	29805741
6	29805922
6	29806033
6	29806062
6	29806194
6	29806331
6	29808464
6	29808718
6	29810543
6	29811237
6	29811868
6	29812505
6	29812807
6	29813682
6	29814778
6	29816371
6	29817923
6	29819198
6	29819325
6	29819662
6	29820047
6	29820278
6	29820466
6	29820717
6	29821402
6	29821567
6	29822261
6	29822355
6	29823027
6	29823161
6	29823729
6	29823782
6	29823819
6	29823994
6	29824059
6	29824096
6	29824235
6	29824287
6	29825239
6	29826214
6	29827390
6	29827663
6	29827753
6	29827899
6	29828493
6	29828660
6	29828886
6	29828916
6	29828972
6	29829482
6	29830074
6	29830411
6	29830505
6	29830529
6	29830652
6	29831008
6	29831058
6	29831571
6	29831798
6	29832016
6	29832197
6	29832526
6	29833033
6	29833253
6	29833541
6	29833948
6	29834449
6	29835073
6	29835310
6	29835632
6	29835633
6	29835834
6	29836577
6	29837259
6	29838243
6	29838346
6	29838642
6	29838828
6	29839268
6	29839816
6	29840243
6	29840382
6	29840435
6	29840648
6	29840838
6	29841021
6	29841801
6	29842016
6	29842783
6	29849619
6	29850274
6	29852537
6	29852537
6	29854795
6	29855818
6	29857424
6	29862114
6	29867797
6	29868174
6	29869110
6	29881679
6	29882798
6	29883076
6	29884066
6	29885103
6	29887303
6	29887564
6	29888317
6	29894629
6	29896968
6	29897259
6	29911326
6	29913067
6	29915149
6	29915469
6	29916253
6	29920332
6	29921700
6	29922139
6	29922740
6	29923838
6	29924425
6	29924779
6	29925134
6	29926597
6	29927722
6	29929253
6	29930466
6	29930706
6	29932330
6	29932738
6	29932897
6	29933439
6	29933881
6	29934170
6	29934697
6	29935250
6	29935590
6	29935798
6	29935891
6	29936307
6	29936914
6	29937104
6	29937127
6	29937262
6	29937493
6	29937541
6	29937580
6	29937833
6	29937896
6	29937924
6	29938110
6	29938455
6	29938478
6	29938507
6	29938571
6	29939240
6	29939294
6	29939483
6	29939544
6	29939952
6	29940488
6	29940679
6	29940750
6	29940814
6	29940943
6	29941184
6	29941431
6	29941539
6	29941857
6	29941943
6	29942033
6	29942083
6	29942126
6	29942205
6	29942293
6	29942324
6	29942590
6	29943067
6	29943656
6	29943715
6	29943916
6	29944148
6	29944158
6	29944543
6	29944896
6	29948751
6	29949821
6	29950833
6	29951011
6	29951804
6	29951928
6	29954364
6	29957069
6	29957078
6	29960331
6	29963065
6	29964363
6	29970927
6	29973526
6	29975453
6	29976789
6	29978352
6	29979351
6	29980493
6	29983039
6	29984252
6	29985488
6	29985630
6	29987184
6	29987474
6	30002881
6	30005754
6	30006765
6	30008043
6	30009169
6	30010492
6	30015167
6	30024677
6	30025984
6	30026146
6	30028800
6	30031345
6	30033884
6	30035457
6	30041559
6	30044388
6	30045199
6	30047403
6	30047965
6	30055643
6	30057154
6	30058000
6	30059592
6	30060783
6	30061098
6	30061500
6	30061555
6	30062133
6	30062345
6	30063368
6	30063496
6	30063733
6	30064562
6	30065152
6	30065298
6	30065319
6	30066358
6	30071110
6	30073195
6	30073847
6	30075103
6	30077229
6	30077967
6	30078275
6	30078330
6	30079015
6	30079129
6	30079307
6	30079993
6	30080274
6	30080496
6	30080956
6	30080994
6	30081189
6	30081246
6	30082003
6	30082221
6	30082688
6	30083515
6	30084549
6	30084696
6	30085916
6	30086340
6	30086422
6	30089280
6	30089428
6	30090820
6	30092707
6	30092935
6	30093744
6	30094315
6	30094611
6	30094788
6	30094840
6	30095202
6	30095329
6	30096717
6	30096772
6	30097170
6	30097818
6	30097920
6	30098248
6	30098323
6	30098389
6	30098609
6	30099996
6	30100040
6	30100221
6	30101237
6	30101950
6	30102011
6	30102064
6	30102184
6	30102233
6	30102415
6	30103049
6	30103331
6	30103394
6	30103571
6	30103745
6	30103840
6	30103898
6	30103923
6	30104480
6	30104597
6	30104783
6	30104808
6	30105349
6	30105391
6	30105743
6	30106024
6	30106070
6	30106202
6	30106296
6	30106493
6	30108683
6	30108751
6	30109412
6	30109482
6	30109831
6	30109861
6	30110058
6	30110880
6	30111014
6	30111096
6	30111351
6	30111478
6	30111487
6	30111526
6	30111610
6	30111863
6	30111932
6	30112408
6	30112704
6	30112906
6	30113245
6	30113344
6	30113417
6	30113471
6	30113955
6	30114101
6	30114623
6	30114666
6	30114845
6	30114955
6	30115063
6	30115204
6	30115484
6	30115542
6	30115965
6	30116160
6	30116985
6	30117101
6	30118128
6	30118360
6	30118582
6	30118637
6	30118658
6	30118707
6	30119275
6	30119392
6	30119429
6	30120134
6	30120164
6	30120268
6	30120450
6	30120563
6	30120633
6	30120912
6	30120945
6	30121048
6	30121066
6	30121185
6	30121258
6	30121460
6	30122575
6	30127323
6	30129676
6	30131515
6	30132827
6	30137866
6	30138162
6	30138662
6	30139699
6	30140525
6	30140913
6	30142458
6	30142690
6	30144420
6	30145083
6	30145740
6	30146733
6	30147494
6	30150043
6	30151370
6	30152115
6	30152367
6	30152789
6	30154199
6	30155108
6	30155131
6	30155313
6	30156496
6	30157654
6	30159039
6	30159854
6	30162809
6	30166935
6	30171922
6	30172233
6	30172385
6	30175847
6	30178287
6	30179422
6	30180246
6	30181275
6	30182395
6	30187164
6	30187434
6	30188199
6	30190640
6	30191587
6	30192467
6	30194103
6	30196313
6	30196855
6	30196980
6	30197037
6	30197995
6	30199067
6	30199512
6	30201955
6	30202052
6	30202429
6	30202715
6	30202767
6	30203602
6	30204526
6	30204714
6	30205407
6	30205991
6	30207063
6	30209062
6	30209099
6	30209493
6	30209515
6	30209802
6	30209953
6	30211305
6	30211660
6	30211755
6	30211782
6	30211805
6	30211903
6	30212816
6	30212993
6	30213924
6	30213936
6	30214835
6	30215592
6	30221442
6	30226304
6	30227246
6	30227399
6	30228138
6	30228416
6	30228938
6	30229013
6	30229281
6	30229306
6	30229463
6	30229583
6	30229694
6	30229768
6	30229830
6	30229922
6	30230085
6	30230128
6	30230453
6	30230518
6	30230661
6	30231071
6	30231108
6	30232374
6	30232514
6	30234494
6	30235184
6	30243236
6	30244579
6	30246212
6	30252836
6	30255089
6	30257497
6	30259356
6	30259657
6	30260019
6	30260982
6	30262512
6	30264307
6	30264933
6	30269561
6	30270080
6	30270609
6	30270684
6	30271144
6	30271334
6	30272417
6	30272459
6	30273371
6	30274461
6	30274728
6	30275124
6	30275246
6	30280922
6	30281234
6	30282644
6	30283652
6	30284051
6	30284375
6	30285121
6	30285405
6	30285650
6	30285955
6	30287517
6	30289271
6	30290036
6	30290375
6	30292336
6	30292432
6	30296071
6	30297529
6	30301600
6	30302600
6	30304816
6	30309508
6	30311932
6	30313268
6	30314566
6	30314567
6	30315011
6	30316739
6	30317966
6	30319930
6	30325531
6	30332146
6	30334994
6	30335350
6	30335554
6	30337916
6	30339564
6	30339602
6	30342682
6	30345871
6	30347306
6	30348042
6	30354303
6	30355699
6	30364508
6	30364587
6	30365320
6	30366014
6	30366076
6	30366100
6	30366910
6	30367182
6	30367452
6	30367535
6	30367594
6	30368012
6	30368092
6	30368322
6	30368457
6	30368612
6	30368635
6	30368663
6	30368854
6	30369040
6	30369958
6	30370260
6	30370588
6	30370753
6	30371137
6	30371327
6	30371804
6	30372001
6	30372018
6	30372115
6	30372278
6	30372345
6	30372541
6	30372570
6	30372675
6	30372889
6	30372987
6	30373043
6	30373401
6	30373484
6	30373520
6	30373760
6	30373811
6	30374108
6	30374329
6	30374423
6	30374519
6	30374776
6	30375312
6	30376487
6	30376599
6	30377082
6	30377173
6	30377198
6	30377705
6	30377743
6	30377860
6	30377906
6	30378447
6	30378494
6	30378601
6	30379037
6	30379074
6	30379443
6	30380207
6	30380245
6	30380273
6	30380739
6	30380932
6	30381620
6	30382313
6	30382440
6	30382579
6	30382647
6	30383412
6	30383442
6	30383637
6	30383675
6	30383768
6	30383799
6	30383876
6	30383989
6	30384179
6	30384317
6	30384322
6	30384341
6	30384611
6	30384671
6	30384822
6	30385111
6	30385466
6	30385618
6	30385769
6	30385894
6	30385997
6	30386027
6	30386236
6	30386304
6	30386319
6	30386415
6	30386514
6	30386897
6	30387104
6	30387403
6	30387467
6	30387687
6	30387890
6	30388675
6	30388701
6	30388779
6	30388872
6	30388936
6	30389103
6	30389258
6	30389323
6	30390199
6	30391723
6	30391949
6	30392146
6	30392160
6	30392248
6	30392406
6	30393177
6	30394628
6	30397089
6	30404786
6	30406756
6	30407016
6	30407530
6	30408183
6	30408254
6	30408265
6	30408787
6	30408840
6	30408970
6	30409012
6	30409037
6	30409156
6	30409319
6	30409354
6	30409384
6	30409518
6	30409880
6	30409950
6	30410153
6	30410206
6	30410480
6	30410943
6	30410988
6	30411089
6	30411903
6	30412362
6	30412435
6	30413652
6	30413815
6	30414235
6	30414388
6	30414403
6	30414574
6	30414848
6	30414919
6	30414949
6	30416046
6	30416493
6	30416553
6	30416658
6	30416831
6	30416985
6	30417149
6	30417459
6	30417505
6	30417614
6	30418127
6	30418204
6	30418583
6	30419258
6	30419445
6	30419564
6	30419620
6	30419831
6	30419859
6	30420206
6	30420345
6	30420611
6	30420639
6	30420764
6	30420907
6	30421397
6	30421581
6	30422481
6	30423117
6	30424110
6	30424623
6	30424676
6	30425157
6	30425239
6	30425276
6	30425337
6	30425359
6	30425455
6	30425943
6	30426078
6	30426103
6	30427482
6	30428227
6	30428351
6	30428466
6	30428876
6	30429440
6	30430520
6	30432455
6	30434448
6	30434471
6	30434566
6	30434900
6	30435288
6	30435930
6	30438226
6	30446963
6	30448668
6	30449046
6	30449244
6	30449482
6	30453789
6	30453795
6	30454076
6	30461085
6	30462084
6	30468791
6	30471520
6	30480877
6	30484036
6	30485502
6	30486456
6	30495417
6	30497490
6	30498864
6	30511170
6	30512163
6	30512505
6	30528685
6	30530496
6	30532278
6	30536071
6	30536133
6	30537853
6	30539438
6	30539952
6	30540890
6	30541237
6	30544941
6	30551286
6	30553871
6	30562021
6	30562671
6	30569489
6	30571471
6	30574194
6	30576781
6	30579315
6	30597337
6	30599702
6	30601067
6	30601232
6	30611676
6	30622459
6	30627216
6	30627867
6	30628252
6	30647005
6	30654531
6	30656847
6	30658239
6	30670292
6	30680916
6	30684686
6	30685420
6	30690938
6	30692539
6	30697740
6	30698185
6	30700558
6	30700695
6	30704986
6	30706013
6	30710135
6	30711357
6	30714479
6	30716719
6	30718035
6	30723914
6	30727282
6	30731505
6	30735105
6	30736151
6	30740160
6	30740515
6	30740680
6	30743014
6	30746633
6	30747216
6	30747802
6	30749233
6	30749712
6	30750682
6	30752184
6	30752761
6	30753146
6	30753358
6	30754540
6	30755320
6	30756066
6	30756183
6	30756274
6	30756361
6	30756593
6	30756744
6	30756822
6	30757188
6	30758348
6	30758466
6	30758707
6	30760698
6	30761168
6	30763004
6	30763756
6	30764241
6	30764420
6	30765895
6	30766194
6	30766204
6	30766244
6	30766765
6	30766945
6	30767013
6	30767129
6	30767538
6	30767627
6	30767869
6	30768636
6	30769687
6	30769772
6	30770732
6	30770778
6	30772344
6	30772378
6	30772555
6	30772629
6	30772862
6	30773239
6	30773314
6	30773349
6	30774474
6	30774584
6	30776393
6	30776621
6	30777149
6	30777258
6	30778203
6	30778786
6	30780936
6	30782105
6	30782235
6	30782361
6	30785273
6	30785886
6	30786676
6	30787175
6	30787241
6	30787494
6	30787593
6	30788191
6	30788351
6	30788503
6	30789608
6	30789665
6	30789694
6	30789799
6	30790481
6	30790604
6	30790759
6	30790798
6	30790807
6	30792235
6	30792270
6	30792364
6	30792492
6	30792698
6	30792867
6	30793314
6	30793667
6	30794405
6	30794574
6	30795328
6	30796073
6	30796106
6	30796271
6	30796384
6	30796734
6	30796738
6	30796932
6	30797083
6	30797215
6	30797568
6	30797991
6	30799043
6	30799072
6	30800326
6	30800577
6	30803254
6	30805921
6	30807948
6	30809864
6	30810084
6	30810654
6	30811265
6	30812497
6	30815303
6	30815945
6	30815951
6	30816270
6	30816865
6	30817501
6	30817866
6	30819465
6	30822771
6	30823075
6	30823710
6	30823760
6	30826904
6	30831843
6	30832063
6	30832357
6	30836111
6	30837538
6	30838688
6	30839430
6	30840950
6	30842674
6	30844260
6	30844314
6	30845563
6	30846830
6	30848253
6	30850191
6	30850582
6	30851305
6	30852747
6	30855251
6	30857072
6	30857542
6	30857988
6	30858254
6	30858857
6	30861000
6	30861610
6	30861729
6	30865115
6	30867106
6	30867666
6	30868233
6	30868628
6	30869593
6	30869714
6	30870168
6	30870463
6	30870763
6	30874308
6	30875145
6	30875899
6	30876034
6	30876438
6	30876996
6	30877202
6	30878579
6	30878769
6	30878919
6	30880757
6	30882277
6	30882513
6	30882634
6	30882856
6	30883920
6	30884436
6	30884806
6	30887311
6	30887344
6	30887988
6	30888161
6	30890055
6	30890431
6	30890483
6	30890871
6	30892054
6	30892322
6	30892377
6	30892521
6	30893251
6	30893728
6	30894408
6	30894759
6	30895725
6	30896190
6	30896399
6	30897022
6	30897774
6	30898687
6	30899163
6	30899377
6	30900094
6	30900664
6	30901872
6	30901895
6	30902533
6	30903948
6	30905313
6	30907176
6	30907266
6	30912481
6	30912691
6	30914751
6	30919701
6	30919878
6	30920890
6	30921882
6	30922570
6	30924024
6	30932532
6	30933975
6	30938883
6	30940302
6	30940387
6	30940569
6	30940945
6	30941285
6	30941645
6	30941691
6	30941872
6	30942284
6	30942338
6	30942447
6	30942621
6	30942929
6	30942972
6	30943083
6	30943146
6	30943539
6	30944232
6	30944982
6	30946148
6	30946496
6	30947042
6	30947365
6	30947378
6	30949996
6	30950050
6	30950306
6	30951209
6	30953105
6	30953240
6	30953968
6	30954245
6	30955359
6	30955681
6	30955929
6	30956779
6	30958254
6	30958494
6	30960267
6	30961926
6	30964393
6	30966282
6	30966304
6	30966453
6	30967202
6	30969185
6	30969498
6	30969527
6	30970459
6	30972121
6	30972202
6	30972390
6	30972471
6	30972589
6	30973358
6	30973535
6	30975090
6	30975224
6	30975649
6	30976660
6	30976781
6	30977815
6	30978196
6	30979084
6	30979156
6	30979793
6	30979824
6	30979910
6	30979933
6	30980848
6	30981361
6	30981755
6	30982544
6	30983263
6	30983326
6	30983417
6	30983683
6	30985793
6	30986051
6	30986079
6	30986264
6	30986396
6	30986491
6	30986504
6	30986527
6	30986664
6	30987010
6	30990306
6	30990490
6	30990990
6	30991559
6	30991643
6	30992546
6	30993062
6	30993128
6	30993499
6	30993590
6	30993958
6	31000489
6	31001355
6	31001506
6	31001519
6	31002013
6	31002101
6	31002301
6	31002452
6	31002616
6	31005726
6	31005774
6	31006776
6	31007081
6	31008598
6	31009508
6	31011373
6	31014305
6	31016848
6	31020271
6	31021161
6	31022195
6	31022237
6	31024673
6	31024712
6	31024738
6	31024748
6	31025051
6	31025104
6	31025479
6	31025848
6	31025989
6	31026009
6	31027336
6	31027393
6	31027516
6	31029685
6	31030283
6	31030425
6	31032042
6	31040720
6	31042217
6	31043249
6	31050039
6	31052050
6	31053843
6	31055729
6	31064305
6	31064710
6	31065808
6	31066419
6	31066716
6	31066886
6	31067445
6	31067624
6	31068525
6	31069489
6	31070664
6	31071100
6	31071645
6	31072979
6	31074101
6	31075161
6	31075481
6	31076397
6	31077600
6	31077614
6	31078257
6	31079076
6	31080099
6	31080432
6	31080586
6	31080828
6	31080899
6	31080919
6	31081409
6	31081743
6	31081838
6	31081989
6	31082127
6	31082197
6	31082361
6	31082987
6	31083420
6	31084048
6	31084170
6	31084639
6	31084787
6	31084792
6	31086048
6	31089595
6	31091834
6	31091967
6	31093093
6	31093587
6	31093699
6	31093776
6	31094120
6	31094129
6	31094195
6	31094199
6	31095246
6	31095285
6	31095801
6	31095816
6	31096128
6	31096561
6	31096575
6	31097301
6	31097918
6	31098134
6	31098957
6	31100869
6	31100942
6	31101001
6	31101250
6	31101401
6	31101426
6	31101674
6	31105310
6	31105466
6	31106177
6	31106499
6	31106643
6	31107187
6	31107361
6	31107648
6	31107733
6	31107922
6	31108562
6	31108607
6	31109767
6	31109810
6	31110391
6	31110671
6	31110786
6	31111356
6	31112108
6	31112602
6	31113083
6	31113113
6	31113214
6	31113326
6	31114182
6	31117188
6	31118019
6	31118511
6	31119422
6	31122330
6	31125823
6	31126230
6	31130019
6	31130821
6	31132085
6	31132883
6	31134087
6	31134599
6	31135136
6	31136577
6	31139452
6	31140741
6	31141523
6	31143835
6	31144429
6	31145839
6	31145920
6	31145991
6	31146403
6	31147094
6	31154620
6	31157593
6	31161210
6	31162328
6	31165566
6	31167512
6	31167927
6	31170020
6	31170514
6	31170914
6	31171257
6	31172655
6	31174527
6	31176335
6	31179033
6	31184175
6	31184196
6	31185977
6	31186026
6	31186039
6	31186245
6	31192766
6	31192796
6	31197514
6	31197633
6	31198709
6	31199256
6	31199460
6	31199573
6	31199766
6	31201803
6	31202665
6	31204008
6	31204109
6	31204694
6	31205923
6	31206206
6	31207920
6	31208340
6	31208453
6	31208591
6	31208610
6	31209510
6	31209839
6	31210216
6	31210265
6	31210462
6	31210577
6	31211050
6	31213791
6	31213811
6	31215635
6	31217815
6	31218208
6	31218327
6	31218835
6	31218984
6	31219289
6	31219638
6	31219862
6	31219902
6	31221023
6	31221039
6	31221668
6	31228410
6	31228565
6	31228666
6	31228972
6	31229130
6	31229404
6	31229552
6	31229678
6	31229701
6	31229738
6	31230042
6	31230717
6	31230759
6	31230869
6	31230882
6	31230924
6	31231989
6	31232111
6	31232147
6	31232318
6	31232412
6	31232543
6	31232676
6	31233121
6	31233214
6	31233270
6	31233353
6	31233456
6	31233758
6	31233988
6	31234058
6	31234239
6	31234381
6	31234541
6	31235576
6	31235655
6	31235769
6	31235816
6	31236051
6	31236175
6	31236567
6	31236900
6	31236998
6	31239766
6	31240041
6	31240128
6	31240431
6	31240663
6	31240692
6	31240712
6	31240871
6	31240988
6	31241032
6	31241109
6	31241127
6	31241370
6	31241639
6	31241737
6	31241933
6	31242191
6	31242272
6	31242439
6	31242560
6	31242649
6	31242674
6	31242959
6	31243170
6	31243347
6	31243389
6	31243495
6	31243603
6	31243615
6	31243767
6	31243785
6	31244028
6	31244068
6	31244082
6	31244214
6	31244331
6	31244520
6	31244616
6	31244654
6	31244960
6	31245061
6	31245478
6	31245534
6	31245573
6	31245736
6	31246605
6	31246703
6	31247067
6	31247121
6	31247135
6	31247149
6	31247441
6	31247817
6	31248155
6	31248591
6	31248678
6	31248819
6	31248886
6	31249790
6	31250642
6	31250801
6	31252237
6	31252469
6	31252569
6	31252925
6	31253444
6	31253771
6	31253866
6	31253928
6	31253996
6	31254088
6	31254496
6	31255286
6	31255424
6	31255434
6	31255500
6	31255541
6	31256005
6	31256561
6	31256591
6	31257012
6	31257376
6	31257591
6	31258837
6	31259137
6	31259579
6	31259798
6	31259854
6	31259930
6	31260397
6	31260739
6	31261276
6	31261959
6	31262438
6	31262770
6	31262924
6	31263216
6	31263350
6	31263751
6	31264392
6	31264823
6	31264912
6	31264922
6	31265057
6	31265262
6	31265554
6	31265737
6	31265752
6	31266117
6	31266522
6	31267618
6	31268620
6	31268747
6	31268930
6	31269154
6	31269308
6	31269874
6	31269884
6	31271008
6	31271018
6	31271076
6	31271195
6	31271226
6	31271240
6	31271270
6	31271285
6	31271310
6	31271322
6	31271366
6	31271463
6	31271511
6	31271585
6	31271601
6	31271630
6	31271662
6	31271680
6	31271716
6	31271735
6	31271775
6	31271852
6	31271894
6	31271921
6	31271936
6	31272362
6	31272369
6	31272421
6	31272447
6	31272490
6	31272590
6	31272612
6	31272648
6	31272808
6	31272980
6	31273224
6	31273268
6	31273301
6	31273366
6	31273422
6	31273455
6	31273595
6	31273745
6	31274014
6	31274027
6	31274137
6	31274196
6	31274206
6	31274218
6	31274245
6	31274257
6	31274521
6	31274555
6	31274647
6	31275100
6	31276610
6	31277988
6	31282254
6	31300649
6	31312326
6	31312538
6	31312623
6	31314243
6	31317099
6	31317182
6	31317347
6	31318024
6	31318144
6	31318177
6	31318413
6	31321211
6	31322487
6	31327334
6	31327701
6	31330334
6	31330546
6	31330844
6	31331166
6	31331257
6	31332703
6	31333303
6	31333499
6	31333562
6	31333610
6	31334174
6	31334393
6	31334477
6	31334601
6	31334731
6	31334821
6	31334945
6	31335096
6	31335156
6	31335454
6	31335623
6	31335647
6	31335707
6	31336000
6	31336250
6	31336349
6	31336604
6	31336628
6	31336644
6	31336757
6	31336870
6	31336891
6	31337167
6	31337281
6	31337654
6	31337671
6	31337780
6	31337850
6	31337872
6	31338385
6	31338528
6	31339086
6	31339240
6	31339334
6	31339844
6	31339871
6	31340328
6	31340433
6	31341233
6	31341296
6	31341312
6	31341357
6	31341379
6	31342436
6	31342484
6	31342631
6	31343100
6	31343604
6	31343844
6	31343862
6	31343874
6	31343919
6	31344098
6	31344273
6	31344294
6	31344348
6	31344490
6	31344626
6	31344657
6	31345376
6	31345596
6	31345728
6	31345801
6	31345844
6	31345865
6	31346193
6	31346414
6	31346445
6	31346490
6	31346599
6	31346755
6	31346822
6	31346900
6	31346937
6	31347020
6	31347451
6	31347798
6	31347816
6	31347877
6	31347930
6	31348022
6	31348505
6	31348543
6	31348580
6	31348879
6	31348936
6	31349030
6	31349788
6	31349805
6	31349922
6	31350154
6	31350232
6	31350380
6	31350463
6	31350550
6	31350579
6	31350704
6	31350802
6	31350855
6	31350875
6	31351035
6	31351079
6	31351175
6	31351313
6	31351415
6	31351572
6	31351887
6	31352142
6	31352348
6	31352446
6	31352631
6	31352880
6	31353417
6	31353593
6	31353689
6	31353950
6	31353992
6	31354104
6	31354182
6	31354238
6	31354344
6	31354504
6	31354560
6	31354595
6	31354819
6	31355056
6	31355119
6	31355318
6	31355702
6	31356574
6	31359176
6	31360095
6	31360255
6	31360341
6	31360389
6	31360433
6	31360526
6	31361325
6	31361397
6	31361424
6	31361485
6	31361710
6	31361837
6	31361897
6	31362310
6	31362381
6	31362584
6	31362930
6	31364459
6	31364707
6	31364790
6	31365308
6	31365707
6	31366622
6	31367023
6	31367838
6	31367865
6	31367882
6	31368125
6	31368540
6	31368588
6	31368964
6	31369151
6	31370367
6	31371101
6	31371521
6	31371587
6	31372569
6	31374579
6	31376928
6	31378335
6	31378956
6	31378977
6	31379109
6	31379198
6	31379304
6	31379549
6	31379931
6	31380340
6	31380449
6	31380529
6	31380601
6	31380732
6	31380745
6	31380807
6	31380897
6	31380974
6	31381321
6	31381637
6	31382147
6	31382690
6	31382717
6	31382882
6	31383108
6	31383848
6	31383979
6	31384331
6	31384578
6	31384792
6	31386019
6	31387157
6	31387373
6	31387871
6	31387912
6	31387967
6	31388053
6	31388109
6	31388214
6	31388230
6	31388595
6	31389784
6	31390055
6	31390410
6	31392906
6	31400935
6	31402128
6	31403518
6	31405617
6	31407120
6	31407331
6	31407643
6	31407758
6	31407772
6	31407821
6	31407828
6	31408265
6	31409528
6	31409605
6	31410408
6	31410649
6	31410751
6	31410948
6	31411213
6	31412513
6	31412961
6	31413798
6	31416699
6	31417191
6	31417510
6	31418022
6	31420500
6	31420687
6	31425499
6	31425985
6	31426256
6	31427139
6	31428169
6	31428967
6	31431757
6	31431780
6	31431820
6	31432787
6	31432802
6	31432861
6	31434334
6	31434801
6	31435119
6	31435833
6	31435869
6	31435991
6	31436639
6	31436789
6	31438096
6	31438368
6	31439987
6	31440082
6	31440497
6	31442731
6	31443323
6	31443570
6	31445216
6	31445771
6	31445909
6	31446088
6	31446200
6	31446366
6	31446466
6	31446710
6	31446796
6	31446820
6	31447135
6	31447588
6	31447848
6	31448315
6	31448432
6	31448533
6	31448625
6	31448862
6	31449269
6	31449327
6	31449778
6	31449994
6	31450909
6	31450923
6	31451680
6	31453547
6	31456567
6	31457049
6	31457280
6	31457386
6	31457417
6	31458993
6	31460143
6	31460284
6	31461053
6	31461089
6	31465030
6	31465103
6	31465661
6	31465899
6	31465917
6	31466860
6	31467365
6	31468099
6	31468861
6	31469228
6	31469491
6	31471557
6	31472344
6	31472459
6	31472720
6	31472946
6	31473042
6	31475628
6	31480272
6	31481146
6	31481299
6	31481526
6	31482203
6	31485174
6	31487320
6	31488038
6	31488145
6	31488191
6	31488763
6	31488879
6	31490480
6	31490646
6	31490725
6	31493888
6	31496381
6	31496476
6	31496791
6	31496915
6	31497342
6	31497975
6	31498737
6	31499603
6	31505784
6	31506691
6	31506801
6	31507062
6	31507447
6	31509967
6	31510924
6	31511350
6	31511857
6	31512288
6	31512799
6	31513402
6	31513559
6	31515140
6	31515340
6	31517248
6	31518354
6	31521302
6	31522669
6	31525319
6	31525448
6	31528130
6	31528326
6	31529883
6	31531215
6	31533378
6	31533606
6	31535074
6	31536224
6	31537606
6	31538244
6	31538497
6	31539767
6	31539768
6	31540141
6	31542476
6	31543758
6	31544189
6	31546495
6	31546789
6	31547792
6	31549556
6	31551347
6	31551537
6	31553194
6	31554607
6	31554714
6	31555130
6	31555392
6	31564728
6	31567422
6	31572481
6	31572927
6	31572956
6	31575276
6	31578772
6	31582025
6	31583931
6	31585000
6	31585219
6	31586094
6	31587561
6	31587870
6	31587938
6	31588384
6	31589676
6	31590898
6	31592064
6	31593476
6	31594628
6	31595487
6	31595882
6	31596675
6	31597700
6	31597708
6	31598489
6	31600304
6	31600820
6	31601344
6	31601735
6	31601843
6	31602489
6	31603591
6	31603770
6	31604044
6	31605167
6	31605199
6	31606756
6	31607111
6	31609272
6	31609813
6	31610479
6	31610529
6	31611777
6	31611840
6	31613739
6	31614102
6	31615167
6	31618567
6	31618723
6	31618761
6	31619024
6	31619576
6	31619652
6	31621095
6	31622606
6	31625541
6	31627449
6	31627523
6	31628733
6	31629499
6	31631377
6	31632134
6	31632686
6	31633165
6	31633496
6	31634570
6	31636031
6	31638178
6	31639129
6	31639757
6	31639979
6	31641139
6	31641386
6	31643399
6	31643522
6	31644282
6	31644640
6	31645922
6	31646398
6	31646766
6	31651194
6	31655438
6	31657413
6	31669295
6	31669496
6	31671879
6	31673436
6	31675297
6	31675501
6	31675765
6	31678774
6	31679307
6	31679465
6	31679874
6	31681160
6	31682029
6	31683018
6	31683157
6	31685945
6	31688200
6	31688217
6	31688518
6	31688799
6	31691657
6	31697387
6	31697558
6	31697957
6	31698088
6	31698352
6	31702710
6	31707730
6	31710968
6	31713124
6	31717692
6	31717696
6	31726688
6	31727822
6	31727897
6	31729359
6	31731014
6	31733650
6	31742067
6	31742590
6	31745284
6	31745518
6	31750509
6	31753526
6	31762843
6	31773821
6	31777946
6	31778272
6	31778529
6	31783507
6	31788050
6	31794592
6	31795550
6	31799494
6	31802541
6	31804014
6	31804715
6	31804729
6	31812038
6	31813576
6	31815723
6	31824828
6	31827286
6	31837250
6	31837277
6	31837963
6	31838441
6	31838490
6	31838713
6	31839309
6	31839331
6	31839756
6	31840625
6	31842598
6	31843924
6	31844684
6	31845985
6	31846234
6	31847012
6	31848220
6	31851234
6	31851354
6	31851469
6	31854543
6	31856070
6	31860337
6	31864304
6	31864547
6	31869673
6	31872551
6	31879158
6	31883679
6	31883957
6	31888367
6	31888869
6	31890158
6	31892592
6	31892641
6	31893944
6	31894626
6	31895973
6	31901773
6	31903121
6	31903804
6	31905130
6	31907147
6	31907168
6	31908224
6	31908761
6	31910162
6	31914024
6	31914180
6	31914935
6	31915144
6	31915532
6	31916062
6	31916400
6	31916951
6	31917540
6	31918903
6	31919578
6	31919830
6	31919917
6	31919956
6	31920687
6	31920873
6	31921475
6	31922254
6	31924880
6	31927342
6	31928306
6	31928691
6	31928799
6	31929014
6	31930351
6	31930441
6	31930462
6	31932177
6	31933161
6	31934372
6	31935311
6	31935567
6	31935750
6	31936668
6	31936679
6	31937037
6	31938107
6	31941390
6	31941557
6	31946614
6	31947460
6	31947594
6	32006886
6	32007459
6	32007849
6	32014828
6	32019746
6	32019769
6	32020844
6	32026107
6	32026257
6	32026808
6	32029183
6	32029929
6	32030284
6	32032421
6	32032743
6	32033007
6	32033944
6	32035427
6	32036357
6	32038700
6	32040931
6	32042322
6	32043157
6	32044834
6	32045226
6	32047436
6	32049423
6	32050067
6	32050544
6	32052983
6	32054349
6	32056580
6	32057627
6	32059867
6	32062687
6	32064726
6	32066177
6	32066220
6	32066765
6	32066819
6	32069806
6	32070838
6	32071017
6	32071893
6	32074518
6	32074804
6	32076499
6	32077380
6	32078373
6	32080146
6	32080191
6	32080383
6	32083175
6	32083300
6	32085598
6	32086092
6	32088854
6	32089142
6	32092207
6	32093922
6	32096244
6	32097876
6	32097983
6	32101762
6	32102231
6	32105001
6	32105512
6	32109979
6	32112626
6	32113571
6	32113980
6	32114515
6	32117971
6	32119898
6	32123639
6	32124424
6	32126002
6	32132590
6	32134510
6	32136930
6	32138545
6	32140277
6	32140487
6	32141005
6	32141883
6	32145205
6	32145399
6	32145993
6	32145999
6	32146492
6	32146657
6	32146997
6	32147696
6	32147761
6	32148403
6	32149816
6	32150296
6	32151443
6	32151934
6	32151994
6	32152442
6	32154285
6	32154998
6	32156489
6	32157364
6	32157639
6	32158319
6	32161324
6	32161366
6	32161396
6	32161430
6	32161852
6	32163274
6	32163799
6	32165444
6	32166380
6	32166384
6	32168771
6	32168932
6	32170433
6	32171075
6	32171288
6	32171683
6	32172065
6	32172993
6	32176782
6	32177880
6	32179432
6	32179438
6	32179494
6	32180146
6	32180431
6	32181182
6	32182759
6	32184345
6	32184574
6	32185605
6	32185796
6	32186193
6	32186245
6	32186348
6	32186726
6	32186872
6	32187023
6	32187202
6	32188383
6	32188640
6	32188823
6	32190028
6	32190390
6	32191339
6	32191457
6	32191581
6	32191620
6	32192107
6	32192331
6	32192436
6	32192560
6	32192617
6	32192941
6	32193028
6	32193220
6	32193678
6	32193698
6	32194339
6	32194392
6	32194609
6	32194630
6	32194854
6	32194956
6	32194982
6	32195017
6	32195251
6	32195786
6	32195935
6	32195988
6	32196313
6	32196805
6	32196873
6	32196940
6	32197014
6	32197463
6	32197736
6	32198867
6	32198936
6	32198948
6	32198981
6	32199144
6	32199239
6	32199352
6	32200147
6	32201707
6	32202817
6	32202935
6	32203347
6	32203537
6	32204433
6	32205110
6	32205942
6	32206304
6	32206687
6	32207181
6	32207393
6	32207512
6	32208324
6	32209027
6	32209861
6	32209963
6	32210799
6	32211085
6	32211218
6	32211695
6	32212233
6	32212264
6	32212867
6	32212985
6	32213008
6	32213052
6	32213150
6	32213210
6	32213638
6	32213788
6	32213810
6	32213831
6	32214616
6	32215063
6	32215188
6	32215198
6	32215252
6	32215472
6	32215769
6	32215796
6	32215876
6	32215964
6	32216147
6	32216529
6	32216850
6	32216891
6	32216911
6	32216963
6	32217018
6	32217046
6	32217092
6	32217160
6	32217185
6	32217232
6	32217367
6	32217846
6	32218681
6	32218843
6	32218989
6	32219010
6	32219041
6	32219838
6	32219962
6	32220037
6	32220397
6	32220484
6	32220577
6	32220685
6	32220918
6	32221228
6	32221782
6	32223258
6	32223531
6	32223785
6	32223830
6	32223925
6	32223947
6	32224139
6	32224319
6	32224388
6	32224489
5	54217315
6	32230665
6	32231014
6	32231547
6	32233638
6	32233814
6	32233886
6	32234015
6	32234953
6	32235384
6	32235895
6	32236054
6	32236142
6	32237926
6	32238013
6	32238680
6	32243129
6	32243155
6	32244627
6	32245827
6	32246156
6	32253559
6	32254654
6	32255230
6	32255269
6	32256260
6	32256418
6	32256473
6	32257199
6	32257284
6	32257337
6	32257566
6	32259527
6	32260270
6	32260350
6	32260559
6	32261252
6	32261507
6	32261771
6	32262406
6	32263458
6	32264179
6	32265528
6	32265710
6	32266021
6	32266425
6	32266506
6	32266535
6	32268080
6	32268501
6	32268701
6	32269848
6	32270283
6	32270363
6	32270500
6	32270875
6	32271263
6	32271443
6	32271450
6	32271807
6	32271955
6	32272310
6	32272711
6	32273158
6	32273158
6	32273765
6	32274079
6	32274882
6	32275027
6	32275194
6	32276009
6	32276027
6	32277479
6	32277934
6	32278266
6	32278635
6	32278670
6	32278792
6	32279284
6	32279340
6	32279500
6	32279622
6	32279902
6	32279938
6	32280462
6	32280591
6	32280620
6	32281360
6	32281510
6	32281621
6	32281676
6	32281688
6	32281958
6	32282019
6	32282033
6	32282068
6	32282854
6	32282979
6	32283394
6	32283494
6	32283699
6	32283844
6	32284108
6	32284340
6	32286102
6	32286252
6	32286562
6	32286761
6	32286944
6	32287754
6	32287876
6	32288190
6	32288462
6	32289318
6	32289358
6	32289594
6	32289662
6	32289764
6	32290208
6	32290954
6	32291190
6	32291359
6	32291542
6	32291643
6	32291837
6	32292818
6	32292993
6	32293152
6	32293532
6	32294549
6	32294712
6	32294992
6	32295350
6	32295357
6	32296780
6	32297156
6	32297310
6	32297328
6	32297337
6	32297690
6	32297901
6	32297955
6	32298137
6	32298372
6	32298814
6	32298942
6	32299592
6	32299715
6	32299822
6	32301289
6	32302067
6	32303511
6	32303692
6	32305370
6	32305690
6	32305979
6	32306090
6	32306262
6	32306419
6	32307137
6	32307382
6	32309003
6	32309352
6	32310396
6	32311148
6	32312082
6	32312796
6	32313011
6	32313097
6	32314676
6	32314738
6	32315173
6	32315727
6	32315975
6	32316240
6	32316389
6	32316415
6	32316804
6	32317127
6	32317215
6	32317276
6	32317471
6	32317635
6	32317973
6	32318036
6	32319387
6	32319637
6	32321115
6	32321272
6	32321554
6	32321597
6	32321872
6	32322393
6	32322433
6	32323529
6	32323745
6	32325562
6	32325710
6	32325835
6	32326045
6	32327727
6	32327781
6	32330705
6	32331927
6	32331998
6	32332264
6	32332322
6	32332996
6	32333341
6	32333650
6	32333827
6	32333955
6	32334224
6	32334241
6	32335204
6	32335516
6	32336074
6	32336127
6	32336161
6	32336187
6	32336364
6	32336495
6	32336586
6	32336766
6	32337630
6	32337686
6	32338283
6	32338695
6	32338901
6	32338986
6	32339076
6	32339348
6	32339548
6	32339647
6	32339840
6	32339897
6	32340872
6	32341353
6	32341398
6	32341473
6	32342537
6	32342822
6	32343686
6	32343686
6	32345052
6	32345086
6	32345183
6	32345595
6	32345689
6	32346794
6	32347490
6	32348145
6	32349557
6	32351566
6	32354428
6	32354644
6	32355683
6	32357165
6	32358201
6	32358270
6	32358286
6	32358513
6	32358549
6	32358689
6	32359121
6	32359763
6	32359765
6	32359821
6	32361111
6	32361821
6	32363215
6	32363527
6	32363816
6	32363844
6	32363955
6	32365580
6	32365971
6	32367722
6	32367847
6	32367997
6	32368087
6	32368314
6	32369488
6	32370462
6	32370616
6	32370684
6	32370835
6	32371179
6	32371619
6	32371915
6	32373185
6	32373232
6	32373378
6	32373698
6	32373801
6	32374131
6	32374622
6	32374640
6	32375280
6	32375330
6	32375352
6	32375424
6	32375431
6	32375695
6	32375745
6	32375796
6	32375973
6	32376176
6	32376348
6	32376517
6	32376746
6	32376788
6	32376882
6	32376932
6	32377061
6	32377116
6	32377470
6	32377539
6	32377588
6	32378787
6	32378834
6	32378866
6	32378877
6	32378982
6	32379011
6	32379031
6	32379047
6	32379101
6	32379239
6	32379383
6	32379489
6	32379506
6	32379682
6	32379740
6	32380190
6	32380208
6	32380262
6	32380782
6	32380818
6	32380860
6	32381041
6	32381210
6	32381736
6	32381939
6	32383050
6	32383108
6	32383138
6	32383208
6	32383223
6	32383307
6	32383341
6	32383360
6	32383410
6	32383441
6	32383488
6	32383633
6	32383837
6	32383858
6	32384077
6	32384343
6	32384500
6	32384527
6	32384677
6	32384721
6	32384801
6	32384900
6	32385099
6	32385399
6	32385453
6	32385470
6	32385573
6	32385605
6	32385653
6	32385782
6	32385873
6	32386061
6	32386964
6	32387278
6	32387752
6	32387780
6	32387809
6	32387860
6	32388144
6	32388308
6	32388574
6	32388709
6	32389255
6	32389305
6	32389512
6	32389648
6	32391516
6	32392877
6	32392945
6	32393062
6	32394537
6	32395568
6	32395656
6	32396277
6	32396506
6	32396615
6	32397049
6	32398525
6	32398675
6	32398872
6	32398975
6	32399187
6	32399261
6	32399286
6	32399337
6	32399833
6	32399842
6	32400070
6	32400088
6	32400190
6	32400344
6	32400520
6	32400538
6	32400939
6	32401036
6	32401079
6	32401217
6	32401327
6	32401532
6	32401845
6	32402705
6	32402778
6	32402889
6	32403655
6	32404065
6	32404093
6	32404135
6	32404220
6	32404377
6	32404859
6	32404878
6	32405026
6	32405044
6	32405076
6	32405192
6	32405362
6	32405671
6	32405865
6	32406342
6	32406473
6	32406530
6	32406887
6	32407153
6	32407302
6	32407310
6	32407404
6	32407709
6	32408012
6	32408044
6	32408497
6	32408527
6	32408597
6	32408735
6	32408842
6	32409242
6	32409305
6	32409484
6	32409530
6	32409656
6	32409708
6	32409996
6	32410137
6	32410576
6	32410691
6	32410941
6	32410987
6	32411035
6	32411307
6	32411362
6	32411376
6	32411523
6	32411646
6	32411726
6	32411833
6	32411846
6	32412435
6	32412480
6	32412539
6	32412571
6	32412580
6	32412592
6	32412809
6	32413051
6	32413094
6	32413150
6	32413317
6	32413459
6	32413545
6	32413557
6	32413830
6	32414273
6	32415080
6	32415858
6	32415975
6	32418018
6	32418710
6	32421798
6	32427748
6	32427789
6	32428062
6	32428115
6	32428186
6	32428285
6	32429011
6	32429643
6	32429719
6	32429758
6	32429894
6	32430167
6	32430362
6	32430508
6	32430729
6	32430752
6	32430975
6	32431105
6	32431129
6	32431147
6	32431292
6	32431623
6	32431705
6	32432556
6	32432646
6	32432835
6	32432858
6	32433167
6	32434349
6	32434778
6	32434830
6	32434844
6	32434874
6	32434939
6	32435044
6	32438598
6	32439393
6	32439753
6	32439828
6	32439964
6	32440172
6	32440362
6	32440451
6	32440467
6	32440879
6	32440969
6	32441100
6	32441408
6	32441555
6	32441641
6	32442157
6	32442261
6	32442711
6	32444198
6	32445600
6	32445691
6	32447857
6	32448098
6	32448129
6	32448189
6	32448398
6	32448416
6	32448440
6	32448500
6	32448561
6	32448599
6	32448904
6	32449030
6	32449050
6	32449470
6	32449523
6	32449858
6	32450089
6	32451361
6	32453191
6	32511672
6	32520272
6	32549249
6	32549395
6	32566021
6	32566294
6	32570400
6	32574014
6	32574060
6	32574171
6	32575658
6	32575735
6	32575983
6	32576064
6	32576592
6	32577380
6	32578082
6	32578970
6	32579003
6	32580617
6	32581889
6	32581922
6	32582075
6	32582435
6	32584609
6	32586019
6	32586854
6	32590411
6	32590456
6	32590624
6	32590771
6	32590844
6	32590899
6	32590925
6	32591058
6	32591213
6	32591448
6	32591588
6	32591654
6	32591666
6	32593507
6	32594328
6	32594901
6	32595060
6	32595083
6	32602214
6	32602269
6	32602698
6	32603007
6	32604372
6	32605884
6	32606756
6	32608077
6	32609427
6	32610257
6	32610705
6	32626249
6	32626272
6	32626311
6	32627714
6	32629210
6	32634010
6	32634467
6	32636063
6	32636866
6	32650612
6	32651117
6	32651839
6	32651900
6	32652317
6	32652581
6	32653070
6	32653435
6	32653608
6	32653643
6	32654640
6	32654714
6	32655218
6	32657578
6	32657627
6	32657681
6	32657710
6	32657916
6	32658079
6	32658310
6	32658624
6	32658715
6	32659077
6	32659087
6	32659099
6	32659158
6	32659192
6	32659582
6	32659645
6	32659743
6	32659822
6	32659878
6	32660023
6	32660051
6	32660153
6	32661615
6	32661779
6	32662280
6	32662338
6	32663289
6	32663308
6	32663355
6	32663391
6	32663564
6	32663631
6	32663644
6	32663688
6	32663764
6	32663772
6	32663851
6	32663999
6	32664093
6	32664163
6	32664332
6	32664458
6	32664722
6	32664880
6	32664960
6	32664971
6	32664990
6	32665002
6	32665153
6	32665167
6	32665319
6	32665420
6	32665597
6	32665640
6	32665728
6	32665759
6	32665813
6	32665916
6	32666295
6	32666526
6	32666609
6	32666635
6	32666817
6	32666822
6	32666831
6	32666875
6	32666943
6	32667067
6	32667107
6	32667119
6	32667280
6	32667343
6	32667364
6	32667793
6	32667850
6	32667910
6	32668100
6	32668296
6	32668323
6	32668336
6	32668667
6	32668804
6	32668846
6	32668898
6	32669156
6	32669373
6	32669439
6	32669528
6	32669955
6	32670000
6	32670037
6	32670214
6	32670244
6	32670308
6	32670477
6	32670564
6	32670576
6	32670874
6	32670915
6	32670956
6	32670978
6	32671103
6	32671140
6	32671185
6	32671248
6	32671399
6	32671508
6	32671521
6	32671676
6	32672383
6	32672412
6	32672556
6	32672668
6	32672932
6	32673446
6	32674643
6	32674649
6	32674737
6	32674952
6	32674970
6	32674994
6	32675109
6	32675470
6	32677088
6	32677397
6	32677413
6	32677440
6	32677789
6	32677846
6	32677912
6	32677927
6	32677938
6	32678087
6	32678182
6	32678477
6	32678597
6	32678896
6	32678999
6	32679107
6	32679146
6	32679326
6	32679384
6	32679462
6	32679690
6	32679732
6	32679992
6	32680070
6	32680149
6	32680227
6	32680277
6	32680350
6	32680423
6	32680480
6	32680576
6	32680585
6	32680620
6	32680640
6	32680843
6	32680928
6	32680970
6	32681049
6	32681085
6	32681161
6	32681277
6	32681355
6	32681483
6	32681518
6	32681530
6	32681568
6	32681631
6	32681645
6	32681669
6	32681676
6	32681839
6	32681992
6	32682019
6	32682137
6	32682174
6	32682308
6	32682394
6	32682402
6	32682429
6	32682664
6	32682724
6	32682812
6	32682862
6	32682915
6	32683691
6	32684029
6	32684257
6	32684272
6	32684317
6	32684344
6	32684468
6	32685426
6	32685503
6	32685550
6	32685673
6	32685685
6	32685822
6	32685953
6	32685999
6	32686084
6	32686103
6	32687294
6	32687358
6	32687435
6	32687570
6	32687720
6	32687724
6	32687766
6	32687890
6	32687973
6	32688133
6	32688288
6	32688302
6	32688783
6	32688839
6	32688872
6	32689324
6	32689362
6	32689503
6	32689529
6	32690027
6	32690740
6	32691745
6	32691775
6	32692227
6	32692273
6	32692812
6	32692933
6	32693242
6	32693506
6	32693615
6	32694540
6	32694724
6	32694738
6	32694759
6	32695082
6	32695168
6	32695264
6	32697755
6	32698013
6	32698026
6	32698156
6	32698207
6	32698391
6	32698421
6	32698457
6	32698800
6	32698899
6	32698918
6	32698947
6	32698960
6	32699054
6	32699090
6	32699116
6	32699125
6	32699179
6	32699197
6	32699216
6	32699325
6	32699350
6	32699442
6	32699479
6	32699532
6	32699974
6	32700009
6	32700083
6	32700684
6	32700700
6	32700833
6	32701083
6	32701098
6	32702381
6	32702449
6	32702470
6	32702498
6	32702527
6	32702562
6	32702586
6	32702745
6	32702769
6	32702813
6	32702891
6	32702930
6	32702946
6	32703021
6	32703108
6	32703313
6	32703581
6	32704326
6	32704414
6	32704523
6	32704574
6	32704630
6	32704706
6	32704900
6	32705002
6	32705104
6	32705127
6	32705248
6	32705276
6	32705828
6	32706128
6	32706209
6	32706234
6	32706334
6	32706398
6	32706416
6	32706478
6	32706480
6	32706495
6	32706559
6	32706719
6	32706770
6	32707039
6	32707071
6	32707282
6	32707360
6	32707427
6	32707508
6	32707585
6	32707706
6	32707740
6	32708467
6	32708504
6	32708798
6	32708890
6	32709204
6	32709309
6	32709346
6	32709586
6	32709738
6	32710010
6	32710119
6	32710307
6	32710370
6	32711050
6	32711179
6	32711782
6	32712818
6	32713188
6	32713267
6	32713867
6	32714083
6	32714143
6	32714175
6	32714516
6	32715629
6	32715653
6	32715722
6	32715933
6	32715943
6	32716022
6	32716127
6	32716294
6	32716372
6	32716409
6	32716827
6	32717024
6	32717224
6	32717515
6	32717604
6	32717722
6	32718329
6	32718387
6	32718452
6	32718594
6	32718620
6	32718869
6	32719117
6	32719381
6	32719634
6	32719666
6	32719745
6	32719914
6	32720037
6	32720302
6	32720366
6	32720385
6	32720589
6	32720637
6	32720780
6	32720971
6	32721043
6	32721656
6	32721948
6	32722129
6	32722155
6	32722186
6	32722243
6	32722532
6	32722702
6	32722754
6	32722767
6	32722831
6	32723233
6	32723341
6	32723518
6	32723572
6	32723869
6	32723917
6	32724043
6	32724075
6	32724147
6	32724189
6	32724447
6	32724499
6	32730392
6	32730835
6	32730940
6	32731313
6	32732890
6	32734304
6	32735311
6	32735506
6	32735645
6	32735838
6	32736005
6	32736103
6	32736144
6	32736254
6	32736535
6	32736624
6	32736722
6	32736936
6	32736978
6	32737104
6	32737149
6	32737494
6	32737507
6	32737864
6	32738115
6	32738479
6	32739174
6	32739312
6	32740411
6	32740671
6	32740761
6	32740856
6	32741006
6	32741742
6	32741868
6	32741894
6	32741918
6	32742059
6	32742095
6	32742531
6	32742827
6	32743000
6	32743103
6	32743138
6	32743173
6	32743217
6	32743298
6	32744050
6	32744145
6	32744347
6	32744429
6	32744452
6	32744466
6	32744852
6	32744869
6	32745156
6	32745435
6	32745527
6	32746845
6	32746920
6	32746984
6	32747029
6	32747060
6	32747273
6	32747502
6	32747528
6	32747790
6	32747959
6	32747971
6	32748690
6	32750031
6	32750318
6	32751614
6	32751962
6	32752049
6	32752477
6	32752492
6	32752504
6	32752566
6	32752685
6	32752788
6	32752840
6	32752913
6	32753313
6	32753403
6	32753433
6	32753492
6	32753682
6	32753739
6	32754081
6	32755122
6	32755216
6	32755290
6	32756239
6	32756292
6	32756825
6	32756833
6	32757158
6	32757453
6	32757532
6	32757971
6	32758219
6	32758268
6	32758394
6	32758571
6	32758667
6	32758677
6	32758966
6	32759252
6	32759273
6	32759297
6	32759335
6	32760318
6	32760334
6	32760539
6	32760655
6	32760723
6	32760965
6	32761231
6	32761398
6	32761507
6	32761674
6	32761690
6	32761776
6	32761939
6	32762391
6	32762461
6	32762484
6	32762616
6	32763405
6	32763514
6	32763521
6	32763821
6	32764719
6	32765130
6	32765182
6	32765585
6	32767091
6	32768721
6	32769536
6	32775004
6	32775686
6	32776414
6	32776583
6	32776623
6	32776832
6	32776854
6	32776976
6	32778531
6	32780317
6	32781112
6	32781524
6	32782605
6	32783086
6	32783337
6	32783405
6	32783896
6	32784073
6	32784676
6	32785515
6	32786068
6	32786882
6	32787056
6	32787175
6	32788511
6	32788878
6	32789480
6	32789807
6	32790059
6	32790089
6	32792973
6	32794676
6	32795032
6	32795965
6	32796019
6	32796144
6	32796521
6	32796653
6	32796685
6	32796751
6	32796793
6	32796967
6	32797072
6	32797309
6	32797361
6	32797466
6	32797537
6	32797620
6	32797684
6	32797809
6	32797876
6	32798731
6	32798795
6	32799673
6	32800224
6	32800412
6	32800871
6	32802203
6	32802351
6	32802820
6	32804070
6	32804217
6	32804219
6	32804299
6	32804414
6	32804553
6	32804570
6	32804687
6	32804798
6	32804879
6	32804909
6	32804934
6	32805049
6	32805470
6	32806121
6	32806391
6	32806461
6	32806576
6	32806786
6	32807446
6	32807453
6	32807520
6	32808232
6	32809848
6	32810443
6	32811383
6	32811629
6	32812916
6	32813279
6	32814447
6	32814659
6	32816054
6	32818010
6	32819517
6	32822186
6	32823567
6	32823948
6	32832033
6	32832667
6	32835258
6	32842691
6	32842975
6	32852448
6	32853607
6	32855340
6	32856208
6	32857801
6	32859000
6	32861631
6	32861651
6	32861920
6	32862682
6	32862711
6	32862740
6	32865798
6	32865997
6	32866095
6	32866992
6	32869045
6	32870057
6	32871536
6	32872001
6	32875450
6	32877173
6	32880715
6	32880993
6	32888566
6	32891338
6	32892190
6	32894520
6	32894597
6	32894699
6	32894997
6	32895580
6	32899139
6	32899296
6	32900018
6	32900601
6	32900616
6	32900642
6	32900651
6	32900718
6	32902001
6	32902114
6	32903637
6	32903900
6	32904041
6	32904981
6	32905746
6	32911048
6	32911127
6	32911814
6	32912552
6	32913246
6	32914297
6	32914330
6	32914613
6	32915823
6	32915851
6	32917544
6	32917857
6	32921774
6	32922459
6	32923988
6	32923993
6	32924584
6	32925297
6	32925585
6	32927969
6	32928984
6	32931536
6	32932150
6	32934409
6	32935179
6	32935208
6	32936373
6	32936441
6	32937901
6	32938049
6	32939894
6	32941191
6	32941214
6	32941910
6	32944094
6	32944746
6	32944987
6	32945530
6	32946133
6	32948426
6	32948607
6	32948804
6	32949962
6	32950050
6	32950217
6	32950424
6	32950511
6	32950871
6	32951662
6	32952708
6	32953280
6	32953711
6	32954157
6	32954634
6	32954689
6	32961361
6	32962882
6	32963279
6	32964696
6	32965062
6	32967741
6	32967914
6	32968276
6	32968397
6	32968598
6	32968693
6	32968856
6	32968929
6	32969457
6	32970450
6	32972163
6	32972207
6	32972404
6	32973599
6	32973794
6	32973841
6	32974081
6	32974268
6	32974343
6	32974401
6	32974843
6	32974934
6	32975014
6	32975257
6	32975381
6	32975511
6	32975720
6	32975869
6	32975896
6	32976927
6	32977315
6	32977420
6	32977535
6	32978178
6	32978587
6	32979679
6	32979878
6	32979980
6	32980578
6	32982298
6	32983474
6	32983632
6	32983904
6	32985199
6	32985295
6	32986749
6	32986835
6	32987207
6	32987542
6	32987774
6	32988197
6	32988588
6	32988695
6	32989773
6	32990970
6	32996014
6	32996350
6	32996600
6	32997871
6	32998238
6	32998806
6	32999330
6	33000150
6	33000686
6	33001423
6	33001488
6	33001735
6	33001888
6	33002105
6	33002162
6	33003065
6	33003562
6	33003687
6	33004287
6	33004427
6	33004917
6	33004935
6	33005208
6	33005273
6	33005373
6	33005600
6	33005644
6	33005689
6	33005932
6	33006222
6	33006869
6	33016728
6	33017457
6	33018957
6	33019643
6	33024132
6	33024273
6	33024499
6	33024606
6	33025493
6	33025671
6	33025700
6	33026246
6	33028717
6	33029437
6	33032975
6	33033022
6	33033738
6	33033814
6	33034876
6	33035771
6	33035877
6	33036177
6	33036210
6	33036549
6	33037187
6	33037675
6	33038369
6	33038766
6	33039625
6	33040307
6	33040715
6	33040835
6	33041034
6	33041176
6	33041186
6	33042291
6	33042551
6	33042880
6	33043930
6	33044188
6	33044257
6	33044388
6	33045500
6	33047031
6	33047466
6	33047612
6	33049211
6	33049309
6	33049384
6	33049565
6	33049726
6	33050024
6	33050107
6	33050148
6	33050203
6	33050279
6	33050325
6	33050369
6	33050394
6	33050499
6	33050654
6	33050683
6	33050742
6	33050970
6	33051051
6	33051139
6	33051624
6	33051640
6	33051689
6	33051820
6	33051865
6	33051910
6	33052028
6	33052072
6	33052186
6	33052250
6	33052695
6	33053167
6	33053252
6	33053307
6	33053352
6	33053455
6	33053468
6	33053477
6	33053772
6	33053789
6	33053812
6	33053942
6	33053982
6	33054091
6	33054268
6	33054302
6	33054342
6	33054433
6	33054457
6	33054619
6	33054721
6	33054807
6	33054861
6	33055047
6	33055098
6	33055123
6	33055158
6	33055247
6	33055323
6	33055346
6	33055367
6	33055390
6	33055487
6	33055516
6	33055538
6	33055551
6	33055605
6	33055780
6	33055899
6	33055946
6	33056069
6	33056097
6	33056207
6	33056253
6	33056384
6	33056435
6	33056566
6	33056694
6	33056711
6	33056731
6	33056749
6	33056788
6	33056840
6	33056897
6	33056916
6	33056962
6	33057013
6	33057055
6	33057176
6	33057198
6	33057213
6	33057244
6	33057351
6	33057659
6	33057711
6	33057835
6	33058114
6	33058718
6	33058774
6	33058874
6	33058952
6	33059262
6	33059336
6	33059625
6	33059796
6	33059996
6	33060064
6	33060118
6	33060428
6	33060769
6	33060840
6	33060892
6	33060949
6	33061192
6	33061626
6	33061690
6	33061871
6	33062673
6	33063271
6	33063592
6	33063699
6	33064605
6	33065813
6	33069893
6	33070749
6	33071322
6	33072266
6	33072415
6	33072539
6	33072729
6	33072997
6	33073068
6	33073076
6	33073322
6	33073440
6	33073463
6	33073515
6	33073904
6	33073984
6	33074288
6	33074348
6	33074389
6	33074518
6	33074569
6	33074612
6	33074617
6	33074707
6	33074712
6	33074853
6	33074908
6	33074963
6	33075259
6	33075443
6	33075635
6	33075666
6	33076090
6	33076539
6	33076567
6	33076661
6	33076682
6	33077227
6	33077271
6	33077588
6	33077607
6	33077776
6	33078173
6	33078996
6	33079166
6	33079212
6	33079385
6	33079766
6	33080799
6	33081798
6	33081898
6	33082040
6	33082267
6	33082308
6	33082359
6	33082471
6	33082486
6	33082635
6	33082692
6	33082884
6	33083134
6	33083188
6	33083197
6	33083574
6	33083599
6	33083684
6	33084051
6	33084148
6	33084596
6	33084641
6	33084671
6	33085010
6	33085660
6	33085910
6	33086448
6	33091454
6	33091543
6	33092512
6	33092594
6	33092824
6	33093365
6	33093876
6	33095026
6	33095162
6	33095647
6	33096394
6	33096574
6	33096708
6	33096766
6	33097058
6	33097094
6	33097110
6	33097166
6	33097306
6	33097382
6	33097464
6	33097561
6	33097614
6	33097964
6	33098051
6	33098257
6	33098276
6	33098344
6	33098363
6	33098380
6	33098389
6	33098569
6	33098828
6	33099075
6	33099151
6	33099210
6	33099371
6	33099426
6	33100189
6	33100245
6	33100427
6	33100590
6	33100732
6	33101006
6	33101026
6	33101444
6	33102864
6	33102917
6	33103173
6	33103321
6	33103531
6	33103584
6	33104286
6	33105341
6	33107139
6	33107224
6	33107290
6	33107316
6	33107382
6	33107751
6	33107955
6	33108015
6	33108035
6	33108270
6	33108287
6	33108299
6	33108321
6	33108789
6	33109397
6	33109556
6	33109658
6	33109678
6	33109814
6	33109924
6	33110013
6	33110133
6	33110652
6	33110746
6	33110834
6	33110920
6	33110933
6	33111028
6	33111146
6	33111185
6	33111347
6	33111437
6	33112218
6	33112640
6	33113197
6	33114894
6	33115062
6	33115762
6	33116222
6	33117094
6	33117258
6	33118368
6	33118937
6	33122171
6	33122331
6	33123532
6	33123571
6	33124031
6	33124052
6	33124395
6	33124494
6	33124658
6	33124693
6	33124918
6	33124929
6	33124972
6	33125298
6	33125436
6	33125725
6	33125742
6	33125858
6	33127138
6	33127757
6	33128395
6	33128460
6	33129964
6	33130208
6	33130226
6	33130430
6	33136145
6	33137403
6	33137689
6	33138021
6	33138498
6	33138677
6	33138955
6	33139662
6	33140009
6	33140983
6	33142162
6	33143136
6	33143756
6	33143948
6	33144243
6	33144373
6	33145710
6	33148878
6	33150268
6	33153122
6	33153833
6	33154656
6	33158189
6	33158898
6	33160425
6	33162215
6	33163451
6	33166034
6	33169895
6	33172905
6	33172932
6	33173842
6	33173998
6	33174783
6	33175575
6	33175824
6	33176958
6	33178010
6	33179689
6	33182895
6	33183248
6	33183730
6	33185918
6	33192662
6	33192867
6	33195154
6	33195604
6	33196005
6	33204274
6	33215904
6	33218180
6	33222163
6	33232025
6	33232055
6	33232521
6	33235755
6	33238962
6	33239905
6	33240506
6	33240699
6	33241076
6	33242492
6	33242825
6	33244716
6	33246518
6	33250476
6	33252115
6	33255103
6	33255369
6	33256096
6	33256397
6	33256984
6	33257186
6	33258443
6	33267103
6	33267672
6	33272541
6	33272855
6	33275013
6	33276770
6	33280629
6	33282002
6	33282181
6	33282628
6	33283766
6	33290547
6	33290825
6	33292745
6	33298478
6	33303989
6	33306794
6	33307400
6	33308221
6	33310979
6	33311242
6	33312308
6	33319596
6	33320613
6	33323446
6	33324527
6	33326434
6	33328518
6	33330131
6	33330981
6	33333446
6	33333564
6	33333916
6	33340510
6	33341042
6	33346186
6	33349885
6	33350201
6	33352360
6	33380804
6	33383974
6	33389381
6	33394253
6	33403422
6	33408542
6	33416111
6	33421577
6	33431569
6	33432160
6	33437681
6	33438509
6	33444074
6	33459420
6	33464061
6	33468151
6	33469602
6	33480435
6	33480738
6	33482146
6	33483916
6	33485621
6	33496632
6	33516644
6	33519231
6	33519417
6	33520064
6	33520221
6	33521545
6	33534713
6	33537802
6	33540209
6	33540692
6	33542478
6	33542538
6	33543409
6	33546837
6	33551514
6	33552164
6	33554147
6	33555904
6	33557225
6	33557741
6	33558658
6	33560896
6	33561164
6	33591784
6	33611351
6	33611667
6	33613344
6	33613367
6	33614127
6	33618185
6	33619184
6	33620008
6	33622933
6	33624221
6	33625696
6	33626717
6	33627573
6	33628863
6	33629046
6	33631696
6	33633527
6	33633940
6	33635407
6	33636046
6	33636660
6	33638180
6	33639760
6	33641721
6	33641956
6	33643558
6	33644253
6	33645115
6	33647058
6	33647594
6	33647651
6	33648144
6	33650430
6	33650621
6	33651277
6	33653448
6	33656654
6	33657246
6	33659046
6	33659472
6	33659793
6	33660188
6	33660371
6	33661035
6	33661091
6	33661222
6	33662265
6	33662295
6	33667117
6	33667199
6	33667605
6	33667839
6	33667857
6	33667965
6	33668370
6	33668514
6	33670370
6	33670406
6	33670482
6	33672603
6	33672747
6	33673831
6	33674156
6	33674174
6	33674188
6	33675642
6	33675851
6	33676156
6	33676590
6	33677556
6	33678290
6	33678394
6	33680016
6	33682414
6	33686685
6	33689520
6	33689534
6	33690796
6	33691501
6	33697125
6	33699882
6	33699899
6	33700376
6	33701127
6	33702617
6	33702645
6	33702701
6	33702869
6	33703230
6	33703394
6	33704823
6	33705066
6	33705528
6	33706211
6	33706277
6	33708169
6	33711420
6	33713779
6	33714548
6	33714781
6	33717770
6	33718075
6	33718252
6	33718418
6	33719877
6	33720065
6	33721457
6	33721933
6	33722098
6	33722644
6	33723290
6	33723383
6	33724004
6	33724794
6	33725528
6	33725788
6	33728755
6	33730171
6	33731408
6	33732219
6	33732262
6	33732448
6	33732679
6	33734376
6	33735154
6	33736082
6	33740025
6	33745071
6	33751122
6	33755890
6	33757550
6	33762104
6	33762242
6	33763127
6	33767413
6	33767579
6	33767788
6	33767803
6	33770370
6	33770629
6	33772335
6	33773304
6	33774070
6	33774948
6	33775391
6	33775641
6	33778964
6	33779716
6	33780292
6	33784998
6	33785827
6	33787506
6	33787746
6	33789581
6	33789938
6	33790415
6	33790877
6	33791230
6	33791463
6	33792499
6	33793167
6	33798450
6	33804137
6	33804310
6	33804547
6	33807091
6	33807638
6	33808921
6	33810193
6	33813043
6	33813971
6	33817929
6	33842481
6	33846143
6	33847345
6	33848232
6	33848308
6	33850861
6	33850985
6	33852749
6	33852848
6	33852948
6	33853044
6	33853071
6	33853641
6	33864354
6	36345840
6	36346319
6	36349008
6	36349890
6	36350605
6	36358289
6	52014654
6	52015968
6	52018534
6	52019663
6	70980388
6	70982151
6	70982929
6	70983279
6	70983417
6	70984436
6	70987200
6	70988219
6	70988664
6	70989703
6	106631780
6	106636902
6	106655617
6	106667535
6	106674631
6	106685195
6	106686427
6	106708961
6	106722166
6	106727215
6	106732147
6	106734089
6	106754429
6	106778384
6	123242317
6	137959235
6	137973068
6	137983469
6	137996799
6	138002175
6	138005515
6	138006504
6	138009859
6	138018439
6	138020166
6	138022804
6	138071502
6	138132516
6	138154501
6	138156425
6	138171466
6	138195151
6	138195402
6	138195693
6	138195723
6	138199417
6	138216788
6	138222588
6	138227364
6	138228520
6	138230389
6	138234778
6	138239434
6	138242437
6	138512580
6	159465977
6	159469574
6	159472295
6	159475833
6	159487455
6	159489567
6	159489791
6	159490436
6	159496713
6	159498130
6	159499748
6	159506121
6	159506600
6	159507026
6	159507338
6	159510816
6	159512260
6	159512373
6	159514127
6	159514778
6	159515077
6	159515091
6	159515309
6	167522386
6	167523395
6	167524239
6	167524898
6	167526096
6	167526940
6	167527097
6	167527200
6	167527296
6	167527644
6	167528032
6	167529509
6	167532690
6	167532731
6	167532793
6	167533062
6	167533467
6	167534290
6	167537594
6	167538897
6	167540842
7	17218800
7	26950905
7	26954746
7	26964182
7	27018334
7	27060869
7	27062849
7	27064596
7	27065984
7	27068491
7	28156887
7	28161033
7	28166442
7	28170403
7	28172014
7	28172183
7	28176305
7	28177301
7	37436854
7	37437877
7	37438596
7	92236164
7	94068480
7	117600865
7	117611440
7	117612092
7	117613287
7	117669962
7	128573967
7	128579420
7	128580680
7	128584084
7	128591364
7	128594183
7	128594725
7	128599397
7	128617466
7	128618559
7	128619415
7	128621204
7	128623097
7	128624073
7	128625019
7	128630313
7	128640188
7	128655918
7	128657277
7	128657483
7	128658739
7	128663173
7	128663175
7	128668510
7	128673205
7	128676724
7	128678236
7	128683547
7	128684571
7	128687940
7	128695983
7	128701331
7	128708122
7	128708797
7	128581835
7	131363167
7	131365013
7	131366774
7	131366962
7	134944093
7	139904130
8	11337887
8	11343973
8	11345545
8	11347833
8	11349186
8	20939356
8	71077195
8	81259826
8	81263962
8	81267706
8	81268155
8	81274338
8	81276113
8	81278885
8	81283376
8	102458515
8	129532118
8	131419660
9	6566602
9	6566669
9	11102255
9	34431974
9	34445174
9	34449328
9	34452268
9	34463412
9	34509575
9	34509746
9	34512552
9	34563563
9	34576465
9	34710084
9	34712758
9	34713129
9	34714359
9	34726418
9	34730395
9	34737828
9	34741752
9	34742364
9	34743551
9	34743681
9	34745069
9	34768205
9	34768825
9	77686128
9	77690749
9	110210721
9	112586810
9	123636121
9	123640500
9	123641369
9	123642351
9	123643855
9	123646488
9	123647915
9	123648085
9	123650982
9	123651301
9	123652898
9	123655329
9	123657502
9	123659339
9	123660339
9	123662618
9	123665901
9	123668033
9	123668199
9	123671520
9	123671837
9	123676396
9	123676482
9	123676699
9	123677102
9	123677827
9	123680068
9	123683569
9	123683982
9	123684000
9	123684157
9	123684943
9	123685092
9	123686219
9	123687834
9	123689597
9	123690239
9	123690292
9	123692868
9	123695282
9	123700183
9	123700779
9	123701990
9	123705087
9	123705304
9	123705945
9	123706382
9	123733133
9	123737040
9	123740484
9	123748153
9	123809890
9	123810883
9	123826335
9	123936329
10	6092055
10	6092093
10	6098949
10	6100725
10	6101713
10	6106266
10	6106552
10	6108340
10	6108439
10	6113523
10	6177083
10	6390192
10	6390450
10	6391061
10	6392007
10	6392848
10	6393260
10	6402679
10	6402741
10	6403050
10	6404700
10	6405507
10	6405534
10	6407460
10	7962525
10	7964341
10	7968819
10	7991840
10	7999085
10	8009865
10	31361413
10	31362307
10	31364621
10	36238343
10	50014273
10	50025396
10	50097819
10	50099468
10	50101977
10	50110015
10	50119054
10	63786554
10	63800004
10	63801030
10	63803472
10	63805617
10	63806809
10	63809527
10	63809624
10	63811678
10	63811967
10	63814070
10	88869730
11	3681850
11	31922575
11	31926436
11	36471227
11	36471416
11	36471571
11	36473784
11	36475328
11	36476021
11	61595564
11	61678754
11	95569253
11	113457048
11	113457324
11	118543563
11	118556398
11	118575326
11	118577873
11	118579747
11	118579865
11	118587319
11	118602707
11	118610549
11	118610957
11	118611781
11	118611817
11	118612921
11	118619047
11	118639353
11	118642085
11	118642999
11	118644694
11	118667357
11	118673706
11	118684610
11	118725660
11	118740864
11	118743338
11	118743772
12	40445750
12	42549521
12	42559236
12	42568820
12	42573868
12	42581673
12	42585939
12	42592590
12	42592598
12	42593436
12	42595397
12	42609207
12	42617901
12	42629550
12	42651066
12	42651653
12	42664105
12	42675207
12	42675269
12	42703893
12	42712326
12	42763748
12	42772471
12	42793611
12	42804806
12	42805383
12	42869140
12	92752085
13	26792197
13	26797494
13	26805378
13	26807488
13	26808411
13	26808533
13	26809629
13	26810051
13	26827054
13	26827224
13	26827416
13	26831419
13	26832078
13	26832581
13	26834107
13	26839306
13	26841197
13	26843637
13	26850638
13	26853255
13	26854941
13	26858636
13	26859547
13	26862056
13	26866550
13	26866679
13	26866828
13	26867160
13	26868735
13	26869260
13	26869948
13	26870755
13	26871370
13	26872005
13	26874109
13	26874810
13	26878027
13	26878552
13	26879983
13	26880425
13	26880440
13	26881568
13	26881949
13	26882579
13	26885600
13	26886301
13	26887124
13	26887145
13	26895061
13	26897203
13	26898489
13	26898878
13	26899032
13	26900223
13	26900920
13	26902132
13	26902375
13	26902548
13	26903437
13	26903581
13	26903945
13	26905758
13	26906696
13	26908807
13	26908945
13	26914040
13	26918508
13	26920297
13	26921004
13	26922450
13	26922759
13	26923073
13	26925864
13	26926176
13	26932612
13	28617708
13	28620036
13	28621937
13	28624294
13	28629327
13	28630540
13	28636312
13	28636354
13	28637838
13	28655311
13	40233691
13	40235373
13	40236601
13	40238162
13	40238387
13	40238492
13	40238899
13	40239003
13	40239044
13	40239139
13	40239785
13	40241873
13	40242097
13	40245500
13	40247374
13	40251422
13	40257420
13	40266064
13	40318819
13	40326282
13	40342557
13	40345356
13	40345466
13	40350912
13	40354200
13	40362229
13	40371377
13	40371679
13	40381022
13	40382012
13	40384085
14	25277816
14	25319161
14	75959341
14	75960449
14	75960536
14	75961511
14	75967615
14	75968608
14	75971400
14	75974691
14	75978690
14	75979889
14	75983051
14	102087478
15	47716037
15	47716079
15	47717437
15	47719557
15	47722269
15	47723113
15	47724272
15	59249584
15	59251507
15	59253792
15	59258606
15	59261203
15	69968045
15	69969105
15	69985284
15	69985510
15	69990787
15	69991417
15	69995344
15	69997327
15	69997342
15	70004775
15	70010647
15	70024746
15	70032794
15	70034088
15	70035405
15	70035415
15	70035546
15	70039200
15	70039668
15	70040254
15	70041693
15	70042888
15	70043383
15	70044227
15	70048116
15	70048157
15	70048984
15	76363586
15	89185305
15	89198560
15	89228775
15	89231664
15	89232290
15	89255243
15	89265319
15	96307621
16	14377741
16	28977020
16	28981511
16	28988269
16	28990101
16	28995757
16	74904315
16	74911896
16	77810691
16	77816729
16	84041658
17	4073447
17	4081975
17	4083242
17	4098998
17	37922259
17	38024626
17	38025208
17	38030205
17	38033277
17	38035116
17	38040119
17	38040763
17	38057197
17	38062196
17	38064405
17	75719169
17	75719833
17	75719873
17	75720020
17	75721715
17	75722956
17	75735417
17	75738914
18	12773338
18	12774894
18	12779947
18	12797694
18	12809340
18	12842480
18	12855440
18	12864762
18	66322154
19	19359500
19	19361735
19	19363630
19	19363812
19	19364319
19	19366643
19	19378671
19	19387356
19	19391851
19	19413092
19	19443986
19	19463032
19	19467085
19	19478051
19	19524105
19	19536208
19	19543271
19	19545428
19	19550306
19	19558468
19	19559989
19	19560063
19	19562902
19	19578591
19	19579557
19	19602873
19	19621780
19	19626769
19	19627310
19	19630948
19	19644402
19	19645645
19	19652746
19	19657198
19	31081730
20	26228269
20	44680853
20	44692598
20	44702120
20	44724305
20	44734310
20	44735854
20	44737383
20	44739419
20	44740196
20	44742064
20	44746982
20	44747947
20	44749251
20	44755111
20	44767100
20	44769249
20	44773838
20	44773987
20	44777505
20	44778412
20	44778778
20	44780406
20	53290340
20	53291316
20	53291734
20	53293879
20	53294562
20	53295050
20	53296738
20	53297491
21	35911599
21	35926226
21	35930401
21	35930915
21	36712588
21	36715134
21	36715761
21	36742202
21	36744868
21	36771126
21	43831955
21	43832560
21	43836186
22	38889657
22	39232763
22	39740078
