10	1085572
10	1133628
10	118473607
10	124748926
10	12892220
10	131460488
10	131464342
10	131464731
10	131465371
10	131465740
10	133301918
10	30929975
10	30931652
10	30936041
10	6441591
10	6442854
10	6443214
10	6445110
10	6445223
10	6453002
10	6454687
10	6456434
10	70292666
10	73776614
10	73800991
10	73858832
10	73872115
10	73882940
10	74210727
10	74322271
10	74343955
10	86358190
10	86362642
10	86364142
10	86364155
10	86366368
10	86367915
10	86378849
10	86380086
10	86386367
10	86388423
10	86391930
10	86398843
10	86400969
10	86401332
10	86405335
10	95150259
10	99360967
10	99360990
11	112671220
11	112674641
11	112678092
11	112678187
11	112678865
11	112679937
11	112680041
11	112682421
11	112683259
11	112684806
11	112684906
11	112687690
11	112687919
11	112688535
11	112690600
11	112690882
11	112691370
11	117826191
11	127206270
11	127209645
11	4466434
1	156208217
1	181887010
1	181902708
1	181939630
1	181948224
1	182012460
1	182191448
11	85406028
11	85413699
11	85415587
11	85500403
11	85626157
11	85626569
11	85627108
1	18815045
12	119312046
12	12952560
12	131255067
1	215167654
1	215168036
1	215168874
1	215169703
12	1740171
12	1742509
12	1743524
12	1747946
12	1749473
12	2275663
1	222947382
12	2453853
1	241376522
1	241377328
12	4467086
1	246241574
12	58192181
12	58233370
12	9399888
12	9407282
12	9411142
12	9413442
12	9413607
12	9424308
12	9427520
12	9477252
12	95319773
1	29742743
1	29743391
1	29743408
1	29743630
1	29745602
1	29746380
1	29747162
1	29747573
1	29747979
1	29748777
1	29749659
1	29749776
1	29750255
1	29750448
1	29752947
1	29754433
1	29756066
1	29761294
1	29764800
13	40945790
13	45333690
13	45335142
13	45336693
13	45337632
13	45337663
13	45341834
13	45342436
13	45344685
13	45344755
13	45347187
13	45348375
13	45349521
13	45350691
13	45352734
13	45353462
13	45354566
13	45356685
13	45358131
13	45358525
13	45360761
13	45361097
13	45364304
13	90061742
13	90067654
13	90068241
13	90071992
13	90074385
13	90074534
13	90078335
13	90081022
13	90081454
13	90082191
13	90083050
14	51411707
15	66602054
15	66612386
15	66617180
15	66620971
15	66623230
15	66629403
15	66635669
15	66638578
15	66645939
15	66647347
15	66659184
15	66662107
15	66662359
15	66662696
15	66664087
15	66665860
15	66668607
15	66673364
15	66677332
15	66678991
15	66685295
15	66688024
15	66702266
15	66706505
15	66707134
15	66721275
15	66725345
15	66736500
15	66739670
15	84011144
1	65109273
1	65109276
16	64299648
16	64300390
16	64377637
16	64377670
16	64378910
16	64379076
16	64379183
16	64382056
16	64382321
16	64382817
16	64384575
16	64384860
16	64386078
16	64386450
16	64386670
16	64388427
16	64388636
16	64392468
16	64392519
16	64394219
16	64397397
16	64399027
16	64399684
16	64401484
16	64403920
16	64404555
16	64405260
16	64405659
16	64406159
16	64406173
16	64407463
16	64407997
16	64409161
16	64409893
16	64410722
16	64416253
16	64420930
16	64421474
16	64424570
16	64424992
16	81555951
16	86167653
16	86167732
16	86167884
16	86168154
16	86170816
16	86173301
16	86174225
16	86175354
16	86176660
17	30596472
17	39712739
1	76608072
17	66791892
17	66792240
17	66799953
18	57383568
18	57383880
19	28330225
19	28331905
19	28366359
19	28521398
19	30200521
19	39297624
19	39298414
20	46423399
20	46423429
20	46423862
20	46424692
20	46428073
20	46431567
20	46432166
20	46432927
20	46434083
20	46434928
20	46435019
20	46436610
20	46437272
20	46453023
20	46454042
20	47531817
20	47532536
20	47532750
20	47534590
20	47534729
20	47541517
20	47549047
20	47550488
20	47552467
20	47561091
20	47572282
20	47579780
20	47580347
20	47582884
20	47583372
20	47583480
20	47598298
20	47601509
20	47602339
20	47602832
20	47603241
20	47610297
20	47610896
20	47616271
20	47625905
20	47626485
20	47626601
20	47626736
20	47626847
20	47627095
20	47627572
20	47627605
20	47627845
20	47628170
20	47628434
20	47635818
20	47638256
20	47639737
20	47640029
20	47641339
20	47642476
20	47642579
20	47643554
20	47644032
20	47645989
20	47646621
20	47646932
20	47647417
20	47647662
20	47647876
20	47648856
20	47651492
20	47652254
20	47652338
20	47653406
20	47653498
20	47654564
20	47655617
20	47655768
20	47658064
20	47661470
20	47663368
20	47664667
20	47665825
20	47666027
20	47667237
20	47667342
20	47668037
20	47668383
20	47669980
20	47671538
20	47673002
20	47676951
20	47677007
20	47677162
20	47677185
20	47677834
20	47677835
20	47678201
20	47679300
20	47679963
20	47685493
20	47685815
20	47688620
20	47691211
20	47693160
20	47697253
20	47697732
20	47697939
20	47700982
20	47701765
20	47705496
20	47768988
20	47774781
20	47775921
20	47780105
20	47786190
20	47795420
20	48081230
20	48084652
20	48225985
20	48228502
20	48228936
2	101558984
21	15719711
2	153407808
2	153407834
2	159066643
2	159074856
2	159079471
2	159080781
2	159081022
2	159082873
2	159082954
2	159082976
2	159085798
2	159086035
2	159086525
2	159091148
2	201732117
2	201736734
2	202042386
2	202042736
2	202042916
2	202044716
2	202046184
2	202046265
2	202046945
2	202047833
2	202048219
2	202049642
2	202050153
2	202052617
2	202052754
2	202060086
2	202061050
2	202061670
2	202063350
2	206602765
22	37939252
22	37943636
22	37944409
22	37944798
22	37945142
22	37945608
22	37945952
22	37946031
22	37946292
22	37946767
22	37946940
22	37947369
2	47480107
2	47480133
2	47480419
2	72393138
2	72394749
2	72394893
2	72395048
2	72395048
2	72395049
2	72405827
2	72407263
2	72415803
2	72416489
2	72418689
2	72420204
2	72422160
2	72422386
2	72424868
2	72425292
2	72425439
2	72427480
2	72427905
2	72428379
2	72428488
2	99082569
3	127612826
3	129690222
3	13133587
3	132035291
3	137702328
3	137703222
3	137703889
3	137704360
3	172973907
3	187198594
3	187212929
3	187214953
3	187217907
3	187220117
3	25548555
3	25550039
3	25551807
3	25568512
3	25578938
3	25580776
3	4783001
3	6666083
3	6666458
3	6671011
3	6673897
3	6674723
3	6675168
3	6675838
3	6676453
3	6678415
3	6679059
3	6679250
3	6679315
3	6679838
3	6680288
3	6685140
3	6686606
3	6687479
3	6693581
3	6699156
3	6713095
3	6716209
3	6718604
3	72736603
4	105609388
4	184689409
4	184689417
4	184693218
4	189299683
4	29791660
4	29823307
4	29826262
4	37215824
5	152604066
5	152604757
5	152605240
5	152605682
5	152605690
5	152605794
5	152607414
5	152607907
5	152610767
5	152611538
5	152614164
5	85720729
5	85757340
5	91768593
6	100187167
6	100187361
6	110089053
6	135956534
6	162715091
6	22465317
6	22472559
6	22473574
6	30769273
6	30780568
6	30783579
6	30792117
6	30796659
6	30798697
6	30802465
6	30803526
6	30811265
6	30812996
6	30813249
6	30820373
6	30821522
6	30825994
6	30831195
6	30834331
6	30838497
6	30842629
6	30851909
6	30851989
6	30855211
6	30857894
6	30859344
6	30864279
6	30867527
6	30872783
6	30872982
6	30873605
6	30879636
6	30879987
6	30882415
6	30894965
6	30899051
6	30899650
6	30907335
6	30913458
6	30914843
6	30919391
6	30920124
6	30926517
6	30926517
6	30931844
6	30937732
6	30968769
6	30969754
6	30977680
6	30985828
6	30997692
6	31009055
6	31016550
6	31018908
6	31021017
6	31021161
6	31022158
6	31022274
6	31022744
6	31022828
6	31023024
6	31023074
6	31023074
6	31024796
6	31025271
6	31027510
6	31031904
6	31035391
6	31036253
6	31039428
6	31044463
6	31051675
6	31058340
6	31061561
6	31065071
6	31072695
6	31078809
6	31079644
6	31080016
6	31081251
6	31081434
6	31085356
6	31094703
6	31098734
6	31100974
6	31102618
6	31102790
6	31103195
6	31105147
6	31129310
6	31172151
6	31175667
6	31175667
6	31175667
6	31175946
6	31177372
6	31178324
6	31178328
6	31178547
6	31178626
6	31179159
6	31179378
6	31179492
6	31180423
6	31180680
6	31181346
6	31181708
6	31182971
6	31184196
6	31184877
6	31186039
6	31186245
6	31186368
6	31187568
6	31188397
6	31191070
6	31193211
6	31196554
6	31196862
6	31200764
6	31201684
6	31201772
6	31207692
6	31221698
6	31226591
6	31228084
6	31228214
6	31228282
6	31228410
6	31228600
6	31228600
6	31228634
6	31228860
6	31229279
6	31229462
6	31230800
6	31231176
6	31231784
6	31232451
6	31232484
6	31232578
6	31233074
6	31233510
6	31234114
6	31235505
6	31235869
6	31236115
6	31236316
6	31236339
6	31236523
6	31236524
6	31236567
6	31237048
6	31237061
6	31237124
6	31237162
6	31237230
6	31237233
6	31237255
6	31237323
6	31237333
6	31237405
6	31237437
6	31237449
6	31237463
6	31237563
6	31237592
6	31237660
6	31237664
6	31237802
6	31237876
6	31238029
6	31238053
6	31238135
6	31238138
6	31238230
6	31238234
6	31238259
6	31238297
6	31238308
6	31238318
6	31238372
6	31238492
6	31238524
6	31238535
6	31238613
6	31238762
6	31238814
6	31238851
6	31238851
6	31239205
6	31239227
6	31239407
6	31239417
6	31239752
6	31239802
6	31239827
6	31239855
6	31239868
6	31240060
6	31240180
6	31241092
6	31242089
6	31242223
6	31243830
6	31243895
6	31243971
6	31243979
6	31244021
6	31247203
6	31247414
6	31247758
6	31248432
6	31248591
6	31249217
6	31249593
6	31250507
6	31250642
6	31250823
6	31250854
6	31251477
6	31252469
6	31253878
6	31253996
6	31254088
6	31255007
6	31257625
6	31258255
6	31259579
6	31259798
6	31259930
6	31260331
6	31260397
6	31261185
6	31261196
6	31261276
6	31263510
6	31263522
6	31264133
6	31264582
6	31265135
6	31265262
6	31265490
6	31265737
6	31266117
6	31266190
6	31266522
6	31267061
6	31267422
6	31268620
6	31269154
6	31269874
6	31271700
6	31272553
6	31272612
6	31273745
6	31274693
6	31274752
6	31288877
6	31296388
6	31300197
6	31302265
6	31303236
6	31304648
6	31305043
6	31305641
6	31306420
6	31306639
6	31306816
6	31307885
6	31308476
6	31308562
6	31308717
6	31308988
6	31309785
6	31310372
6	31311211
6	31311318
6	31311376
6	31311449
6	31311912
6	31311950
6	31312020
6	31312058
6	31312259
6	31312326
6	31312492
6	31312607
6	31312656
6	31312729
6	31312941
6	31313029
6	31313221
6	31313367
6	31313677
6	31313722
6	31313733
6	31314274
6	31314652
6	31314938
6	31315005
6	31315027
6	31315058
6	31315138
6	31315193
6	31315229
6	31315339
6	31315501
6	31315618
6	31315629
6	31315663
6	31315706
6	31315792
6	31315805
6	31315861
6	31315879
6	31315933
6	31316044
6	31316080
6	31316234
6	31316448
6	31316520
6	31316526
6	31316613
6	31316695
6	31316764
6	31316880
6	31316911
6	31317063
6	31317065
6	31317115
6	31317182
6	31317446
6	31317820
6	31317976
6	31318164
6	31318308
6	31318432
6	31318621
6	31318630
6	31318978
6	31318985
6	31319007
6	31319176
6	31319604
6	31319620
6	31319785
6	31321267
6	31322790
6	31323416
6	31323506
6	31325049
6	31325056
6	31325341
6	31325380
6	31325424
6	31325620
6	31325623
6	31325692
6	31325702
6	31325756
6	31325758
6	31325792
6	31325886
6	31326074
6	31326175
6	31326324
6	31326618
6	31326629
6	31326703
6	31326794
6	31326920
6	31327178
6	31327334
6	31327382
6	31327400
6	31327660
6	31327890
6	31328092
6	31328517
6	31328542
6	31328988
6	31329374
6	31329642
6	31329691
6	31331829
6	31332920
6	31333191
6	31334422
6	31334945
6	31335431
6	31335901
6	31335976
6	31338844
6	31339996
6	31340075
6	31344390
6	31346653
6	31346978
6	31347033
6	31347045
6	31347057
6	31347069
6	31347144
6	31348040
6	31348077
6	31348365
6	31348519
6	31351522
6	31353171
6	31353329
6	31353435
6	31360663
6	31377978
6	31386131
6	31408329
6	31410521
6	31414241
6	31427395
6	31428920
6	31430010
6	31430065
6	31430694
6	31430752
6	31431813
6	31433693
6	31434331
6	31434366
6	31434520
6	31434621
6	31436738
6	31442731
6	31449552
6	31449710
6	31462135
6	31465047
6	31469774
6	31473746
6	31476458
6	31482097
6	31483481
6	31505480
6	31514247
6	31546850
6	31558702
6	31566168
6	31597915
6	31603591
6	31639420
6	31641485
6	31646683
6	31723389
6	31797587
6	31836827
6	31840021
6	31847012
6	31847196
6	31860337
6	31864304
6	31875712
6	31876042
6	31878495
6	31879158
6	31881731
6	31883957
6	31885930
6	31922254
6	31927342
6	31928799
6	31929014
6	31936668
6	31946837
6	31947460
6	32219320
6	32257284
6	32273060
6	32282854
6	32303848
6	32333341
6	32339348
6	32339897
6	32339988
6	32340106
6	32341208
6	32341353
6	32341398
6	32342691
6	32342822
6	32343714
6	32345595
6	32346452
6	32346491
6	32346772
6	32348309
6	32350107
6	32350868
6	32351283
6	32352294
6	32353166
6	32354428
6	32354644
6	32355605
6	32355683
6	32358286
6	32358513
6	32358942
6	32359763
6	32360223
6	32361111
6	32363527
6	32363816
6	32363955
6	32365580
6	32365840
6	32367795
6	32375745
6	32376618
6	32376788
6	32376882
6	32376932
6	32377061
6	32377116
6	32377470
6	32377539
6	32377588
6	32378787
6	32378834
6	32378866
6	32378877
6	32378940
6	32378982
6	32379011
6	32379031
6	32379047
6	32379101
6	32379239
6	32379445
6	32379682
6	32380190
6	32380262
6	32380715
6	32380717
6	32380782
6	32380785
6	32380818
6	32380826
6	32380860
6	32380892
6	32381041
6	32381210
6	32381736
6	32418018
6	32418031
6	32418710
6	32420497
6	32424568
6	32424882
6	32425487
6	32426458
6	32427179
6	32427789
6	32428186
6	32428285
6	32428772
6	32429011
6	32429077
6	32431358
6	32431623
6	32432556
6	32433085
6	32433125
6	32434978
6	32435515
6	32437813
6	32439077
6	32441100
6	32443172
6	32443269
6	32443432
6	32443451
6	32443458
6	32443641
6	32443665
6	32443665
6	32443666
6	32444078
6	32444096
6	32444198
6	32444330
6	32444475
6	32444584
6	32444896
6	32445030
6	32445079
6	32445114
6	32445117
6	32445147
6	32445306
6	32445319
6	32445423
6	32445519
6	32445691
6	32445727
6	32445792
6	32445992
6	32446010
6	32446051
6	32446071
6	32446307
6	32446459
6	32446833
6	32446853
6	32446994
6	32447014
6	32447085
6	32447111
6	32447154
6	32447162
6	32447216
6	32447219
6	32447341
6	32447364
6	32447518
6	32447715
6	32447769
6	32447816
6	32447873
6	32447900
6	32448398
6	32449138
6	32449160
6	32449411
6	32449820
6	32450033
6	32450089
6	32450140
6	32450678
6	32451570
6	32451650
6	32451906
6	32452361
6	32452399
6	32452409
6	32452470
6	32452602
6	32452626
6	32453095
6	32453191
6	32453338
6	32453532
6	32453543
6	32453568
6	32453632
6	32501127
6	32504571
6	32505767
6	32512539
6	32513076
6	32513575
6	32513714
6	32513883
6	32517398
6	32518369
6	32520338
6	32520785
6	32520816
6	32554885
6	32555965
6	32556030
6	32558041
6	32561370
6	32561551
6	32573910
6	32575619
6	32575700
6	32580723
6	32581684
6	32581684
6	32581684
6	32582577
6	32582627
6	32583057
6	32583159
6	32583212
6	32583299
6	32583426
6	32583468
6	32583543
6	32583557
6	32583576
6	32583653
6	32583677
6	32583682
6	32583830
6	32583860
6	32584014
6	32584066
6	32584088
6	32584099
6	32584153
6	32584609
6	32584769
6	32585055
6	32585055
6	32585755
6	32586019
6	32586854
6	32587011
6	32587213
6	32587588
6	32587687
6	32587716
6	32587768
6	32587897
6	32588877
6	32590501
6	32590899
6	32590916
6	32590953
6	32591141
6	32591198
6	32591777
6	32592219
6	32593690
6	32594061
6	32597064
6	32603660
6	32604599
6	32605583
6	32627082
6	32658911
6	32659077
6	32659087
6	32665258
6	32665916
6	32666469
6	32666560
6	32666609
6	32666831
6	32666943
6	32667318
6	32667807
6	32667815
6	32667820
6	32667829
6	32667891
6	32668027
6	32668171
6	32668182
6	32668183
6	32668255
6	32668258
6	32668296
6	32668388
6	32668526
6	32668632
6	32668633
6	32668667
6	32668729
6	32668804
6	32668819
6	32668898
6	32668917
6	32668960
6	32669084
6	32669156
6	32669425
6	32669439
6	32669528
6	32669712
6	32669827
6	32669878
6	32669883
6	32669955
6	32670037
6	32670110
6	32670214
6	32670244
6	32670477
6	32670564
6	32670576
6	32670874
6	32670915
6	32670978
6	32671140
6	32671185
6	32671206
6	32671399
6	32671508
6	32671521
6	32671596
6	32671676
6	32672082
6	32672246
6	32672412
6	32672430
6	32672491
6	32672494
6	32672523
6	32672529
6	32672556
6	32672654
6	32672659
6	32672668
6	32672913
6	32672932
6	32673051
6	32673077
6	32673269
6	32673272
6	32673424
6	32673446
6	32673479
6	32673714
6	32673726
6	32673920
6	32673921
6	32673986
6	32674130
6	32674159
6	32680640
6	33573994
6	33574199
6	33574238
6	33575395
6	33581566
6	33583558
6	3418794
6	3522099
6	38762865
6	38764346
6	38764459
6	38771401
6	38773146
6	38773709
6	38784563
6	38794912
6	38800901
6	38842276
6	38861151
6	38861879
6	38864378
6	38868774
6	38874911
6	38882425
6	38884151
6	38886122
6	38891419
6	38901358
6	45847115
6	45852320
6	54516607
6	54525251
6	54528364
6	54528801
6	54529782
6	54531352
6	54531666
6	54532259
6	54533517
6	54533834
6	54534296
6	54542591
6	54546026
6	54548674
6	54549231
6	54559285
6	54565109
6	54576449
6	54580419
6	54592768
6	88630632
6	88630757
6	89641507
6	89642071
6	89650922
6	89652959
6	89661266
6	99440919
6	99467370
6	99489174
6	99513439
7	1120390
7	1120426
7	1124986
7	1125746
7	1128572
7	1132691
7	1135158
7	1135530
7	1136537
7	1137442
7	1137741
7	1138347
7	1140163
7	1140309
7	1140446
7	1140572
7	1141596
7	1144501
7	1145584
7	1145815
7	1146460
7	1149993
7	1150264
7	1151572
7	1153273
7	1164026
7	1165983
7	1173104
7	1174232
7	1177009
7	1178364
7	1188300
7	1189965
7	1193948
7	1194333
7	1195322
7	1195334
7	1197448
7	1198316
7	1198948
7	1198964
7	1199072
7	1199547
7	1200280
7	1200401
7	1201802
7	1202636
7	1202954
7	1203264
7	1204109
7	1204843
7	1204942
7	1206192
7	1207374
7	1207644
7	1207998
7	1208314
7	1208417
7	1208607
7	1209320
7	1209908
7	1210870
7	1211507
7	1211663
7	1211756
7	1211833
7	1216881
7	143111805
7	143113840
7	143114740
7	143117083
7	143124769
7	15044801
7	3685015
7	3686414
7	3686490
7	3687926
7	3689661
7	70254674
7	78323493
7	78333636
7	78392558
7	92088823
7	92091330
7	92096679
7	92097870
7	92104681
7	92179229
7	92196258
7	92208346
7	92210340
7	92213647
7	96376372
7	96376507
7	96376579
7	96376735
7	96376877
7	96377021
7	96377103
7	96377220
7	96377303
7	96377441
7	96377600
7	96377608
7	96378415
7	96378574
7	96378720
7	96379033
7	96379111
7	96379176
7	96379278
7	96379332
7	96379405
7	96379420
7	96379440
7	96379523
7	96379743
7	96379749
7	96380136
7	96380454
7	96381664
7	96381827
7	96382804
7	96382996
7	96383801
7	96384033
7	96384125
7	96384520
7	96385092
7	96386367
7	96386456
7	96386477
7	96386487
7	96386868
7	96387041
7	96387131
7	96387268
7	96387681
7	96388015
7	96388117
7	96388246
7	96388262
7	96388397
7	96388499
7	96388658
7	96388667
7	96388897
7	96388937
7	96389268
7	96389406
7	96389548
7	96389790
7	96389816
7	96389841
7	96389876
7	96389940
7	96390015
7	96390182
7	96390674
7	96390753
7	96390896
7	96391012
7	96391098
7	96391220
7	96391285
7	96391424
7	96391536
7	96391639
7	96391892
7	96392068
7	96392488
7	96392713
7	96393027
7	96393038
7	96393139
7	96393536
7	96393693
7	96393746
7	96393793
7	96394051
7	96394372
7	96394535
7	96394831
7	96394890
7	96395064
7	96395761
7	96397141
7	96397444
7	96412309
8	122141692
8	133544170
8	133564537
8	133625307
8	133639191
8	133664749
8	13434785
8	13455489
8	13639227
8	2957718
8	2957947
8	75367299
8	75378469
8	75387201
8	75387449
8	75391897
8	75394321
8	81404932
9	108757072
9	137594233
9	27795074
9	27808448
9	72043280
9	86770193
9	86771161
9	86779774
9	86781900
9	86783107
9	90681984
10	70285780
2	202048601
6	54574061
7	139204835
