10	119732708
10	119749103
10	119752955
10	119755277
10	119763238
10	119788183
10	119788334
10	119792176
10	119828177
10	119830770
10	126414084
10	126426148
10	126520411
10	126520411
10	126520411
10	126520411
10	126534415
10	129981475
10	129984734
10	129989754
10	129992590
10	129997550
10	129999851
10	130001321
10	130005748
10	135157955
10	1815603
10	1818885
10	20068628
10	33477430
10	33478217
10	33483308
10	33484829
10	44451697
10	44456420
10	61595110
10	74889706
10	79892909
10	79899433
10	91791194
10	91791751
10	91793136
10	91798136
10	91805913
10	91809513
10	91811238
10	91811438
10	91812028
11	117422642
11	117423936
11	117424005
11	120497350
11	134692180
11	17875233
11	5580629
11	5580705
11	5581733
11	5581889
11	5582068
11	5582181
11	5582360
11	5582430
11	5582585
11	5582599
11	5583188
11	5584092
11	5584483
11	5584571
1	156092639
1	156093195
1	156095443
1	156099830
1	156100838
1	156100948
1	157118421
11	58250249
1	162210610
1	162212785
1	162212999
1	162213495
1	162214762
1	162467014
1	167674016
1	172124850
1	172124992
1	172126166
1	172129382
11	72557986
11	72675665
11	72944083
1	174924930
1	174937352
1	175511001
1	176588344
1	176596498
11	77769751
11	78396960
1	179983153
1	181093594
1	181095779
1	181097704
1	181099138
1	181100243
1	181102079
1	181105699
11	90539683
11	93029130
11	93029552
11	93029837
11	93032080
11	93032533
11	93033488
11	93036899
11	98411648
11	98419795
1	206671883
1	206675967
1	206683169
1	206685424
12	100749607
12	100754382
12	120641026
1	234740141
1	234747854
1	234758436
12	40796993
12	8716604
13	102717545
13	104709656
13	104731195
13	34590482
13	34595721
13	34598539
13	35131537
13	43974326
13	43976756
13	53801850
13	92979680
13	95849910
13	95850673
14	105415617
14	105611811
14	53435143
14	53436361
14	59495071
14	59495751
14	59496956
14	59497264
14	59497523
14	59497818
14	59498372
14	59499219
14	59499294
14	59499495
14	59499818
14	59503407
14	59503991
14	59504136
14	61548039
14	64840074
14	64841696
14	64847965
14	64848642
14	64849087
14	64851847
14	64859191
14	65274250
14	65276601
14	66051016
14	73250749
14	73253876
14	73258572
14	73258812
14	73271286
14	92004397
15	64205114
15	64208577
15	64211238
15	64212611
15	65056959
15	67483979
15	67484119
15	67484297
15	67485156
15	74616577
15	74616716
15	83405784
16	12673266
16	12673358
16	12673430
16	12674329
16	15606935
1	62249367
1	62255283
16	28253321
16	28253469
16	52705336
16	52738970
16	52775113
16	52783456
16	52785272
16	52785817
16	52797848
16	52799612
16	52799908
16	73133283
16	81571846
16	86266889
16	86267873
16	89180883
16	89184910
16	89186529
16	89188302
16	89188672
16	89190207
16	89191264
16	89191297
16	89206483
16	89229984
16	89235892
17	31937376
17	31938393
17	46786175
17	46821362
17	47528562
17	52596967
17	52601389
17	52604380
17	52604533
17	52605499
17	78337893
18	73579363
18	73582919
18	8343057
19	11977572
19	11979636
19	31835516
19	35403951
19	51228746
19	51230490
20	22402418
20	23074375
20	31731035
20	31731631
20	31739873
20	31742165
20	35654227
20	61024609
20	61024744
20	61024753
20	61024753
2	111602815
2	119523926
21	24259123
21	30998097
2	137935268
2	137936290
2	139832304
2	139839295
2	139840089
2	139851353
21	42287316
2	148123019
2	148133284
2	153766370
2	153767583
2	153768541
2	153771281
2	153771817
2	153772365
2	153772732
2	153772839
2	153772944
2	153773374
2	153773912
2	153777569
2	153782249
2	153786370
2	153786407
2	15857576
2	15858454
2	15859491
2	201528761
2	205771185
22	28066685
2	23401922
2	238215341
2	238227993
2	238229432
2	238230410
2	238230943
2	238231803
22	43685107
22	44764163
22	44764177
2	31504688
2	31508458
2	31509369
2	31509442
2	36082433
2	36093958
2	36100942
2	36101663
2	36104933
2	36106095
2	36106098
2	36107489
2	36107604
2	36113122
2	41102015
2	41167181
2	41180569
2	47229598
2	49169208
2	70840579
2	70841688
2	70841955
2	80186107
3	106238636
3	118963249
3	12301472
3	12509906
3	12677286
3	190776532
3	194316289
3	194333857
3	194338582
3	197245911
3	197246689
3	197246898
3	21162262
3	3094804
3	46599984
3	46602231
3	46602736
3	46603951
3	46604377
3	46605091
3	46618760
3	59736207
3	60321572
3	65611248
3	65617398
3	65655029
3	72882242
3	96985200
3	97037957
3	97040124
3	97042523
3	97044449
3	97052055
3	97054893
3	97062223
3	97070694
3	97072229
4	105585927
4	105590296
4	105596229
4	105597402
4	105600699
4	105601915
4	105605264
4	105607827
4	105610560
4	105616848
4	105622748
4	105629417
4	105629678
4	105630142
4	105634488
4	105635412
4	105635729
4	105637993
4	105638242
4	105638348
4	105639761
4	105639814
4	105642085
4	105655616
4	105655892
4	105656262
4	105657028
4	105660238
4	105662306
4	105668420
4	105669635
4	105671902
4	105674844
4	105675255
4	105680212
4	105681948
4	105686932
4	138361132
4	138365167
4	138366488
4	138367860
4	170556846
4	170717919
4	175476160
4	178492741
4	180509176
4	183655684
4	24737622
4	6276817
4	64640017
4	64640463
4	64640940
4	64641013
4	64641083
4	64641366
4	64641427
4	64642782
4	64643026
4	64644145
4	64644415
4	64645365
4	64645509
4	64646085
4	64646246
4	64649009
4	64649894
4	64650535
4	64650803
4	64651482
4	64651879
4	64652502
4	64654853
4	64656156
4	64657914
4	64663502
4	64679513
4	64680029
4	64682495
4	64683815
4	64688451
4	64690799
4	64693149
4	64702738
4	64703114
4	64704043
4	64705646
4	64707900
4	64708058
4	64710724
4	64713448
4	64716217
4	64717933
4	64718982
4	64718983
4	64719029
4	7067335
4	7071237
4	95463919
5	108750310
5	115709896
5	125771882
5	125773001
5	125773333
5	125773388
5	125778549
5	130176202
5	130209812
5	130218666
5	130231734
5	130232339
5	130237908
5	130240270
5	130246400
5	130250710
5	130251039
5	130251717
5	130252835
5	130253459
5	130257549
5	130259779
5	130267480
5	130290180
5	130291595
5	130297396
5	130303908
5	130306292
5	130315505
5	130315631
5	130316001
5	130316093
5	130316560
5	130316874
5	130318514
5	130318603
5	130319652
5	130323015
5	133720440
5	133728829
5	137095442
5	153592852
5	178351156
5	19545274
5	19545321
5	58477303
5	58478995
5	65733710
5	74379675
5	79666870
5	81854453
5	81858483
5	81859125
5	81863699
5	81867838
5	81870960
5	81875308
5	81877570
5	81877956
5	81882520
5	81888218
5	81891172
5	81892085
5	90430477
5	90447216
5	90458169
5	96484737
5	96484813
5	96491013
5	96491357
5	96969358
5	97013282
5	97019607
5	97029704
5	97033349
5	97033493
6	120473342
6	120473416
6	120473489
6	120473833
6	120474758
6	120475399
6	120475415
6	120478084
6	120479610
6	120480152
6	120489270
6	120496440
6	120501510
6	124474052
6	124477123
6	143279914
6	143282725
6	143283311
6	149008762
6	150624675
6	161779706
6	164345402
6	19828273
6	23687769
6	23687812
6	32059400
6	32070838
6	32071637
6	32073913
6	32074518
6	32093922
6	32097891
6	32105512
6	32108362
6	32183701
6	32184024
6	32184345
6	32184574
6	32186193
6	32186245
6	32186872
6	32189841
6	32211085
6	32211085
6	32412388
6	32424888
6	32575725
6	32576726
6	32934441
6	32936238
6	32942302
6	32943151
6	34068043
6	3804023
6	43770150
6	43770202
6	67184698
6	80590816
6	93646219
6	99968859
6	99969441
7	151195328
7	151208330
7	151209391
7	151209774
7	156487359
7	156493549
7	15996246
7	16003751
7	17582606
7	21677868
7	26592346
7	26603468
7	26606222
7	29849897
7	29850000
7	31515154
7	33137452
7	33137523
7	33137960
7	33138455
7	33139376
7	33141304
7	33141848
7	44326233
7	44327055
7	44329363
7	44329889
7	44331228
7	44333582
7	44333853
7	44341502
7	44342440
7	44344740
7	45222038
7	45223746
7	45226145
7	45228976
7	51740422
7	51741293
7	51741732
7	51741916
7	51742157
8	108977050
8	113375824
8	113376587
8	113377520
8	113380929
8	113383893
8	113384136
8	117498279
8	25569688
8	25569960
8	25571714
8	25572532
8	25574223
8	25574851
8	25578674
8	26015199
8	30829572
8	82662873
9	116534821
9	116542871
9	116545575
9	1200108
9	122257627
9	127703351
9	136267370
9	141011831
9	6229417
9	86030507
9	86030872
9	86032566
9	86044173
9	86050508
9	86050950
9	86055337
9	86056352
9	86056438
9	86112734
9	86112924
9	86113384
9	93346631
9	98331696
9	98333008
7	51749876
8	25579205
8	25579515
9	98337055
