1	36107510
1	39989327
1	40051616
1	73993804
1	114094645
1	114185590
1	114233871
1	114243899
1	114253639
1	114312623
1	114377568
1	114393748
1	114401231
1	114433659
1	114433970
1	114451307
1	192484169
1	192485470
1	192502783
1	206957449
1	225611845
1	225624016
1	225628260
2	12640741
2	12643443
2	100647872
2	100813499
2	100830348
2	100832155
2	100845088
2	100870862
2	142876051
2	163110536
2	163124051
2	204693876
2	204708646
2	204721752
3	5888909
3	12511512
3	12521180
3	12611269
3	46345611
3	151287356
4	38592867
4	46887001
4	68180780
4	122999452
4	123001769
4	123021560
4	123026869
4	123538912
4	123548068
4	163281547
4	166574267
5	168225838
5	168235180
5	168241963
6	18537800
6	25147518
6	25422369
6	25424256
6	25428954
6	25462824
6	25605091
6	25657463
6	25684405
6	25769024
6	25783315
6	25842605
6	25849620
6	25931577
6	25945211
6	26255451
6	26325888
6	26327953
6	26410800
6	26428842
6	26433329
6	26582414
6	26887930
6	26951678
6	27000236
6	27006475
6	27350329
6	27356527
6	27356902
6	27356925
6	27395764
6	27412386
6	27425185
6	27560587
6	28223731
6	28574415
6	28645170
6	28650353
6	28662521
6	28689672
6	28700352
6	28733403
6	28839879
6	28911802
6	28922719
6	29114621
6	29141743
6	29149561
6	29178606
6	29213070
6	29230577
6	29230683
6	29236722
6	29274486
6	29283579
6	29284518
6	29338962
6	29346226
6	29353408
6	29354799
6	29354809
6	29355113
6	29356587
6	29385237
6	29408528
6	29466956
6	29476142
6	29486345
6	29515802
6	29533870
6	29569955
6	29611885
6	29634012
6	29635928
6	29673483
6	29674741
6	29679047
6	29706933
6	29724310
6	29728209
6	29735693
6	29823606
6	29829265
6	29829986
6	29837188
6	29840648
6	29937833
6	29937924
6	29939240
6	29940488
6	29940750
6	29942191
6	29943490
6	29944004
6	29955199
6	30061361
6	30073847
6	30074028
6	30075843
6	30075864
6	30092707
6	30105743
6	30140913
6	30199016
6	30210807
6	30282332
6	30339564
6	30339602
6	30343703
6	30361608
6	30365320
6	30378447
6	30412045
6	30422632
6	30433611
6	30455920
6	30496882
6	30519258
6	30536133
6	30552937
6	30575603
6	30726748
6	30769478
6	30796738
6	30799072
6	30805921
6	30822771
6	30894759
6	30897022
6	30900664
6	30914751
6	30932532
6	30932682
6	30946496
6	30947378
6	30955681
6	30993533
6	30993958
6	31006855
6	31007590
6	31018407
6	31060162
6	31062667
6	31074030
6	31087934
6	31105633
6	31105891
6	31107087
6	31113842
6	31114573
6	31125569
6	31126944
6	31132085
6	31133943
6	31134888
6	31139452
6	31142245
6	31165566
6	31209510
6	31210216
6	31232111
6	31233214
6	31234381
6	31234541
6	31265490
6	31317347
6	31320538
6	31320810
6	31331829
6	31336870
6	31342631
6	31348580
6	31350704
6	31350802
6	31428967
6	31439063
6	31449327
6	31461089
6	31473286
6	31481526
6	31483415
6	31485174
6	31488145
6	31490725
6	31491000
6	31496925
6	31497399
6	31498497
6	31506744
6	31529883
6	31531215
6	31555130
6	31604044
6	31610384
6	31618761
6	31627523
6	31778272
6	31824828
6	31837277
6	31838441
6	31839309
6	31845985
6	32071893
6	32120715
6	32126002
6	32147761
6	32184705
6	32186264
6	32190028
6	32199352
6	32223258
6	32257566
6	32322393
6	32323529
6	32326045
6	32358513
6	32380262
6	32409530
6	32427789
6	32428285
6	32627714
6	32682308
6	32763110
6	32763514
6	32765182
6	32780317
6	32798795
6	32802820
6	32804909
6	32808232
6	32812916
6	32880993
6	32899296
6	32899485
6	32904601
6	32911814
6	32921774
6	32922908
6	32925692
6	32941191
6	32944987
6	32952546
6	32962420
6	32975381
6	32975511
6	32977535
6	32985052
6	32988049
6	33004387
6	33094869
6	33127987
6	33136145
6	33141253
6	33142539
6	33144373
6	33183730
6	33185918
6	33195604
6	33202640
6	33241169
6	33256471
6	33258443
6	33283766
6	33324527
6	33382288
6	33427350
6	33535466
6	33540209
6	33553580
6	33557045
6	33576577
6	33627573
6	33797009
6	33801510
6	33822865
6	90927728
6	90936894
6	91002494
6	127046121
6	127046153
6	127054914
7	26722010
7	26747064
7	26767430
7	26793515
7	26897553
7	51025937
8	3167217
9	4265363
9	4287466
9	4293150
9	4295583
9	23121911
9	34293063
9	34310927
10	6110875
10	21195712
10	31379105
10	31415106
10	32714392
10	32916171
10	32981827
10	33188102
10	90051697
11	2173447
11	2193840
11	2195981
11	2219962
11	2233574
11	2233951
11	2308762
11	2312237
11	14364951
11	115905730
11	115906635
12	3153694
12	56401085
12	58386722
12	111385296
12	111386961
12	111391799
12	111393519
12	111410537
12	111884608
12	112007756
12	112090022
12	112234368
12	112906415
12	113031474
12	113039943
12	113168368
12	113183486
12	113184739
12	113192927
12	113196920
13	31031884
13	75827314
13	100068267
14	22907068
14	22942890
14	68753287
14	68753593
14	69180411
14	98486545
14	98488007
14	98495938
14	100836353
15	57676566
15	79234268
15	79239719
16	11048350
16	11078338
16	11085968
16	11170761
16	11177801
16	11211553
16	11268431
16	11341972
16	11451301
16	20343091
16	28631585
16	60545760
16	60575252
16	79308240
16	79311652
16	81232564
16	81233614
17	38028634
17	38051348
17	38066240
17	38111354
17	38114516
17	38757789
17	38775150
17	38775805
17	38791481
17	38808249
17	38824636
17	46042327
17	65988049
18	12847136
18	67530439
18	67531642
19	3452683
19	47288645
19	47603285
20	1612819
20	1614288
20	1662999
20	1663539
20	23078996
20	23086504
20	23113092
20	37322067
20	37330809
20	46329274
20	47865509
20	47919887
21	43824106
21	43825475
22	30138548
22	30404653
22	31160539
1	39992808
1	40049104
1	40050503
1	114129474
1	114139616
1	114139922
1	114161116
1	114218451
1	114244177
1	114338236
1	114351706
1	114415368
1	114417437
1	192478874
1	192492895
1	225624513
2	65726198
2	100732845
2	100825367
2	100860595
2	204700574
2	204706107
2	204741166
2	204783582
2	204794757
3	12514124
3	12603900
3	12637675
4	68181030
4	122961964
4	122962547
4	123019620
4	166570869
6	18500884
6	18534338
6	18539800
6	18542956
6	18545021
6	18559748
6	18571525
6	25412987
6	25419094
6	25419318
6	25450026
6	25468825
6	25535636
6	25679044
6	25764192
6	25772047
6	25782314
6	25865266
6	25883714
6	25886497
6	26256526
6	26341030
6	26415637
6	26464789
6	26948195
6	27007113
6	27357691
6	27428991
6	28226878
6	28575172
6	28784741
6	28801383
6	28836817
6	28854269
6	28872446
6	28891839
6	28924530
6	29121631
6	29195011
6	29225795
6	29316852
6	29674197
6	29675227
6	29675615
6	29675676
6	29676316
6	29678520
6	29679016
6	29682901
6	29692305
6	29694427
6	29696209
6	29704083
6	29704400
6	29708222
6	29710963
6	29717339
6	29724147
6	29724201
6	29729286
6	29730546
6	29730923
6	29732969
6	29733742
6	29777911
6	29835834
6	29836239
6	29836741
6	29837142
6	29841021
6	30131349
6	30160055
6	30332146
6	30348042
6	30364524
6	30434999
6	30475415
6	30475717
6	30477235
6	30477256
6	30477276
6	30482993
6	30803254
6	30817866
6	30822413
6	30903948
6	30940387
6	30940569
6	31013541
6	31071547
6	31080471
6	31097183
6	31098832
6	31114745
6	31130078
6	31133509
6	31135706
6	31136714
6	31161210
6	31177915
6	31209045
6	31336349
6	31340433
6	31343604
6	31343862
6	31344273
6	31344294
6	31348022
6	31351035
6	31351415
6	31360095
6	31418124
6	31418700
6	31436581
6	31443570
6	31449022
6	31449081
6	31455834
6	31484683
6	31494738
6	31497835
6	31586094
6	31611777
6	32050544
6	32180146
6	32217092
6	32305979
6	32325835
6	32341353
6	32431147
6	32449050
6	32595083
6	32604372
6	32712104
6	32712247
6	32712384
6	32718681
6	32729821
6	32730012
6	32759273
6	32759297
6	32759335
6	32760445
6	32762616
6	32775686
6	32776623
6	32802203
6	32803840
6	32816958
6	32866992
6	32917857
6	32959180
6	32973878
6	32997577
6	33018310
6	33018459
6	33019643
6	33019973
6	33020286
6	33020777
6	33021192
6	33023370
6	33023946
6	33150268
6	33162215
6	33351251
6	33429952
6	33472941
6	33477140
6	33576685
6	90968949
6	90986320
7	26848159
7	51015582
7	51027194
7	51038202
9	4282942
9	4295880
9	6108921
9	6109080
9	34298143
9	88856121
10	6086385
10	131490420
10	131498933
10	131502388
10	131503160
11	2310605
11	2310870
11	115906705
12	56470625
12	56482180
12	58396673
12	58402465
12	58402912
12	58421132
12	58478598
12	111289694
12	111359712
12	111376637
12	111376921
12	111394327
12	111394384
12	111394929
12	111396419
12	111399771
12	111401693
12	111402363
12	112448485
12	113165852
12	113198316
12	125086417
13	75828041
13	76345298
13	100081766
14	98488886
14	98489306
15	79235446
15	93531714
16	11056618
16	11081249
16	11091561
16	11135064
16	11227914
16	11249329
16	11252829
16	11257101
16	11435990
16	75411634
17	38066267
17	38756969
17	38757759
17	38770286
17	38795943
17	38797242
17	38816526
18	12779947
19	3446107
20	1610551
20	1610939
20	1666253
20	1675292
20	23082817
20	23092700
20	23100202
20	23105180
20	23105844
20	23106737
20	46326607
20	47858922
20	47859015
20	47870506
22	30407364
22	30432403
22	30472254
22	30504652
22	30531091
22	31151535
2	12652931
2	100730111
2	111616304
2	163128824
2	163154363
3	12624070
4	26132361
4	46952471
4	122947981
4	122956271
5	178207227
6	25425526
6	25566528
6	25676397
6	25813150
6	26472655
6	26479891
6	26998567
6	27358392
6	28751727
6	28946920
6	29256420
6	29351873
6	29434295
6	29480993
6	29631744
6	29836577
6	30077229
6	30116078
6	30122575
6	30430520
6	30628082
6	30772378
6	30890871
6	31005726
6	31083813
6	31136453
6	31206616
6	31208340
6	31208453
6	31243170
6	31245736
6	31247067
6	31412961
6	31446546
6	31451476
6	31919578
6	32804414
6	32870057
6	32903900
6	32973743
6	33114171
6	33163451
6	33252115
6	33365640
6	33587443
6	33595399
10	6130077
10	31385449
12	9855958
12	69274230
12	111352848
12	111396613
12	111401316
12	111716376
12	113187354
13	71487342
14	22900920
14	59888980
14	69263599
14	100828487
15	47944152
16	11264612
16	79316815
17	37976469
17	65938655
22	30188245
22	30405983
22	37599065
1	12250979
1	27333622
1	35741663
1	35790407
1	35953295
1	35971008
1	35985004
1	36008113
1	36079508
1	36411737
1	39991588
1	40012882
1	64114301
1	64118976
1	64123868
1	64141795
1	113828836
1	113844824
1	113845766
1	113891038
1	113914390
1	113918302
1	113922234
1	113934304
1	113951107
1	113959886
1	113983654
1	113984057
1	114071219
1	114075796
1	114080071
1	114095339
1	114096097
1	114191994
1	114194513
1	114216449
1	114256139
1	114318604
1	114330202
1	114363459
1	114366434
1	114417843
1	114420328
1	114420462
1	114429461
1	114436970
1	114447914
1	114532457
1	114536780
1	114541498
1	114546528
1	153065287
1	156728849
1	172675525
1	183299502
1	183330413
1	183401215
1	193442639
1	193443340
1	193445226
1	198745866
1	200780153
1	200788077
1	212919407
1	212925361
1	212955919
1	212969580
1	221878139
1	225824028
2	12631916
2	12660466
2	60601376
2	74450125
2	74710491
2	85414016
2	85422993
2	100746395
2	100746573
2	100765077
2	100803778
2	100852734
2	163076146
2	163224521
2	163240847
2	191935804
2	191973563
2	204722752
2	204763882
2	204769054
2	204794952
3	11740887
3	12533335
3	12534327
3	12602494
3	12608045
3	12635706
3	12689858
3	12704894
3	82691819
3	151254152
3	159554958
4	26085511
4	27256570
4	88665977
4	118796265
4	122905041
4	122933691
4	122987188
4	123009174
4	123041854
4	123069839
4	123132492
4	123264485
4	123280860
4	123351925
4	123478716
4	123514528
4	123545648
4	130403749
4	166592304
5	35906234
5	35910529
5	35920686
5	141584972
5	168247451
6	1944041
6	25186512
6	25247120
6	25343805
6	25346955
6	25410077
6	25414846
6	25418571
6	25429762
6	25457251
6	25460678
6	25486800
6	25512246
6	25583103
6	25592489
6	25821580
6	25826119
6	25844710
6	25863481
6	25867566
6	25873025
6	25874423
6	25877970
6	25887959
6	25889706
6	25904652
6	25925987
6	25931957
6	25956501
6	26017542
6	26111756
6	26148326
6	26157762
6	26158993
6	26200518
6	26206074
6	26234476
6	26244580
6	26246664
6	26313348
6	26325463
6	26341301
6	26361430
6	26367218
6	26367689
6	26369549
6	26372786
6	26374410
6	26376832
6	26377591
6	26388672
6	26389926
6	26396739
6	26423560
6	26463660
6	26476155
6	26478927
6	26479150
6	26481642
6	26495099
6	26500563
6	26505362
6	26592707
6	26601526
6	26663478
6	26706544
6	26942027
6	26988992
6	27037080
6	27047256
6	27080205
6	27091425
6	27128806
6	27129757
6	27185664
6	27231150
6	27235866
6	27244590
6	27248931
6	27332298
6	27445703
6	27491299
6	27660508
6	27669976
6	27683572
6	27689502
6	27694421
6	27706180
6	27715243
6	27721835
6	27730064
6	27739380
6	27741682
6	27771684
6	27810626
6	27811815
6	27815639
6	27835930
6	27837267
6	27859453
6	27859568
6	27886830
6	27895213
6	27895504
6	27904181
6	27925367
6	27932762
6	27941387
6	27982152
6	27985388
6	27998258
6	28014597
6	28022248
6	28027688
6	28033087
6	28037020
6	28048624
6	28059458
6	28060239
6	28094366
6	28096280
6	28111114
6	28134106
6	28143118
6	28203300
6	28209102
6	28210688
6	28215641
6	28222980
6	28227436
6	28238969
6	28242794
6	28257377
6	28268497
6	28269663
6	28294550
6	28296863
6	28299687
6	28301143
6	28302784
6	28309590
6	28315875
6	28330264
6	28331252
6	28346910
6	28354250
6	28358320
6	28359186
6	28366262
6	28375210
6	28390843
6	28421368
6	28421567
6	28428145
6	28441634
6	28450437
6	28573006
6	28630691
6	28630793
6	28641957
6	28669315
6	28671723
6	28685981
6	28688921
6	28699369
6	28712663
6	28716345
6	28739584
6	28747643
6	28754520
6	28776117
6	28792477
6	28810817
6	28837437
6	28846462
6	28851637
6	28863483
6	28876509
6	28912076
6	28916972
6	28948092
6	28954293
6	28969148
6	28980707
6	29021017
6	29025680
6	29047203
6	29053998
6	29081161
6	29179237
6	29235193
6	29240378
6	29253756
6	29270498
6	29272012
6	29275507
6	29280736
6	29296148
6	29306456
6	29323905
6	29324599
6	29335661
6	29341308
6	29343355
6	29344704
6	29346329
6	29346363
6	29355519
6	29356046
6	29356331
6	29357645
6	29360776
6	29367399
6	29368021
6	29368665
6	29368813
6	29369268
6	29373213
6	29373249
6	29407970
6	29408313
6	29410093
6	29425584
6	29442701
6	29472916
6	29475902
6	29483911
6	29524401
6	29537224
6	29556759
6	29558190
6	29559295
6	29566842
6	29570316
6	29570841
6	29571545
6	29576393
6	29608694
6	29611431
6	29615822
6	29635508
6	29645038
6	29649056
6	29652199
6	29654943
6	29655113
6	29656417
6	29668537
6	29670261
6	29671740
6	29677641
6	29689590
6	29692334
6	29693499
6	29696245
6	29702061
6	29707267
6	29708028
6	29710726
6	29712704
6	29723161
6	29724939
6	29731787
6	29734098
6	29745075
6	29767611
6	29768123
6	29773852
6	29785235
6	29803650
6	29805199
6	29806341
6	29808917
6	29809194
6	29810543
6	29812030
6	29812974
6	29813942
6	29816371
6	29818568
6	29820047
6	29822261
6	29830652
6	29835632
6	29836524
6	29849619
6	29899677
6	29922740
6	29924831
6	29933261
6	29934891
6	29935372
6	29937127
6	29937242
6	29940372
6	29942083
6	29943035
6	29943067
6	29944158
6	29945270
6	29945620
6	29945949
6	29950140
6	29970589
6	29979579
6	29983538
6	29996855
6	30000687
6	30005754
6	30007493
6	30015167
6	30015905
6	30024677
6	30025503
6	30031091
6	30031345
6	30032522
6	30033884
6	30036083
6	30038352
6	30038647
6	30039240
6	30040810
6	30041009
6	30046246
6	30058988
6	30060783
6	30063496
6	30066031
6	30077967
6	30078275
6	30079993
6	30080231
6	30080274
6	30091758
6	30101656
6	30103923
6	30120563
6	30127323
6	30128442
6	30139699
6	30140525
6	30162809
6	30171827
6	30174590
6	30196855
6	30207495
6	30209802
6	30231224
6	30256936
6	30257693
6	30274461
6	30279130
6	30285121
6	30286729
6	30301600
6	30310500
6	30314607
6	30323623
6	30333505
6	30334339
6	30339293
6	30344645
6	30345118
6	30348674
6	30362995
6	30364508
6	30366100
6	30367182
6	30368012
6	30368635
6	30372278
6	30372570
6	30377198
6	30384322
6	30419831
6	30434900
6	30435288
6	30438226
6	30468791
6	30471520
6	30544401
6	30599702
6	30601232
6	30609629
6	30633875
6	30650318
6	30652781
6	30670292
6	30680916
6	30714479
6	30731330
6	30731505
6	30732054
6	30735105
6	30739846
6	30756066
6	30756361
6	30763756
6	30766194
6	30766244
6	30768636
6	30770732
6	30774474
6	30782002
6	30782105
6	30782235
6	30782361
6	30785273
6	30787593
6	30792235
6	30792270
6	30794617
6	30796545
6	30796734
6	30821187
6	30823630
6	30824532
6	30825287
6	30829522
6	30848253
6	30893941
6	30895990
6	30896147
6	30904714
6	30905313
6	30907176
6	30912481
6	30920124
6	30925985
6	30932309
6	30933794
6	30957618
6	30973165
6	30983263
6	30983683
6	30987176
6	30987211
6	30987786
6	30993567
6	30993590
6	30998742
6	31001143
6	31002616
6	31008598
6	31008626
6	31010200
6	31011247
6	31018546
6	31024673
6	31025989
6	31026009
6	31049655
6	31052684
6	31070664
6	31079264
6	31080718
6	31080899
6	31081205
6	31100942
6	31105413
6	31106177
6	31106268
6	31107733
6	31112484
6	31114182
6	31118019
6	31118511
6	31119422
6	31122500
6	31124849
6	31125777
6	31129310
6	31130593
6	31140047
6	31157593
6	31162963
6	31167815
6	31167927
6	31168029
6	31170528
6	31190850
6	31199208
6	31204008
6	31210265
6	31218239
6	31218889
6	31221039
6	31236051
6	31240431
6	31240692
6	31240721
6	31241032
6	31241127
6	31242191
6	31243347
6	31243884
6	31245080
6	31247135
6	31253444
6	31263751
6	31264823
6	31265314
6	31272553
6	31274380
6	31274555
6	31274693
6	31312326
6	31318144
6	31321211
6	31321685
6	31327334
6	31332239
6	31334174
6	31335566
6	31336100
6	31338528
6	31344583
6	31346937
6	31347816
6	31349922
6	31352348
6	31353593
6	31354104
6	31354182
6	31354504
6	31354560
6	31354819
6	31355318
6	31360389
6	31361424
6	31361485
6	31364707
6	31366595
6	31367865
6	31377587
6	31379109
6	31379198
6	31380449
6	31382882
6	31384479
6	31384792
6	31387557
6	31388109
6	31388214
6	31392906
6	31407828
6	31408004
6	31410649
6	31417191
6	31425985
6	31432125
6	31436789
6	31438368
6	31440082
6	31440497
6	31441349
6	31441901
6	31443323
6	31446466
6	31447588
6	31448653
6	31449778
6	31449994
6	31450909
6	31459742
6	31464739
6	31465819
6	31472720
6	31476854
6	31478986
6	31481105
6	31482203
6	31483458
6	31496915
6	31505480
6	31510924
6	31513402
6	31515799
6	31520426
6	31533606
6	31539767
6	31540784
6	31568469
6	31572927
6	31583931
6	31593476
6	31597753
6	31610529
6	31610686
6	31616366
6	31620520
6	31628733
6	31639979
6	31646398
6	31665194
6	31673436
6	31675765
6	31679307
6	31681160
6	31683157
6	31687008
6	31713124
6	31742590
6	31810085
6	31850332
6	31870326
6	31870856
6	31905130
6	31907147
6	31918860
6	31919830
6	31928306
6	31930462
6	31934372
6	31940897
6	31941557
6	32019769
6	32026808
6	32029183
6	32030284
6	32038700
6	32046275
6	32050067
6	32050758
6	32052983
6	32057627
6	32064726
6	32066765
6	32074804
6	32076499
6	32096244
6	32134510
6	32149816
6	32154998
6	32168771
6	32171683
6	32172993
6	32184345
6	32185605
6	32186872
6	32187023
6	32188383
6	32188823
6	32190620
6	32191041
6	32191339
6	32191457
6	32191607
6	32192560
6	32193678
6	32194339
6	32195017
6	32203537
6	32207181
6	32211317
6	32215188
6	32218843
6	32218989
6	32219725
6	32220685
6	32244627
6	32245827
6	32260350
6	32261252
6	32266506
6	32273765
6	32286761
6	32289594
6	32321597
6	32336766
6	32339076
6	32339647
6	32357715
6	32358270
6	32363215
6	32366421
6	32367259
6	32369488
6	32373312
6	32376471
6	32379383
6	32380208
6	32383223
6	32387780
6	32392877
6	32400344
6	32402705
6	32414273
6	32572251
6	32590722
6	32665420
6	32666526
6	32670956
6	32671103
6	32671248
6	32680928
6	32680970
6	32681277
6	32682664
6	32682724
6	32685685
6	32686084
6	32686103
6	32687570
6	32702449
6	32704523
6	32711178
6	32730940
6	32736936
6	32737507
6	32739888
6	32745043
6	32752139
6	32757297
6	32758394
6	32759448
6	32762391
6	32763888
6	32765130
6	32765268
6	32765451
6	32769663
6	32781776
6	32782605
6	32784620
6	32784783
6	32786068
6	32787056
6	32787570
6	32788511
6	32796226
6	32796346
6	32797361
6	32798283
6	32798731
6	32804219
6	32804798
6	32804934
6	32809848
6	32811383
6	32811629
6	32813852
6	32816700
6	32817774
6	32818678
6	32819865
6	32822858
6	32823567
6	32825348
6	32832033
6	32835258
6	32852448
6	32861920
6	32862740
6	32865997
6	32869915
6	32879233
6	32893102
6	32895580
6	32900651
6	32900718
6	32900787
6	32903724
6	32913246
6	32914613
6	32922459
6	32924584
6	32941214
6	32941910
6	32944746
6	32950050
6	32950217
6	32951662
6	32961104
6	32961361
6	32971708
6	32972887
6	32973281
6	32976654
6	32977315
6	32977420
6	32978997
6	32981647
6	32981848
6	32996014
6	32997674
6	32998238
6	32998564
6	33005932
6	33007752
6	33016728
6	33034596
6	33034815
6	33054861
6	33055538
6	33056897
6	33059669
6	33059796
6	33059996
6	33060118
6	33060949
6	33061098
6	33072266
6	33074617
6	33077776
6	33096766
6	33097561
6	33098276
6	33098966
6	33099210
6	33100732
6	33105064
6	33110933
6	33111347
6	33113197
6	33116222
6	33117258
6	33117818
6	33122171
6	33122331
6	33125725
6	33138021
6	33139328
6	33141280
6	33158898
6	33182895
6	33184894
6	33185578
6	33235755
6	33272677
6	33280309
6	33288075
6	33326250
6	33336930
6	33360574
6	33382241
6	33399778
6	33421577
6	33480435
6	33480738
6	33485236
6	33536670
6	33555348
6	33557741
6	33574413
6	33582090
6	33606523
6	33644033
6	33696785
6	33724794
6	33783883
6	33785827
6	33790415
6	33791515
6	33794215
6	33798590
6	33804547
6	33828178
6	33853071
6	33857525
6	73900091
6	90814199
6	90828882
6	90857028
6	90880393
6	90946479
6	90957463
6	90996769
6	112053105
6	112063482
6	112066432
6	112075928
6	112081735
6	112081938
6	112101725
6	126638124
6	126835655
6	126903011
6	126927717
6	126964026
6	130984945
6	136116013
6	136221619
6	137981584
7	26811509
7	26853934
7	26891665
7	26897439
7	42524501
7	42547000
7	42564537
7	50311805
7	50460096
7	50462935
7	50469981
7	50470604
7	50473751
7	50477213
7	50568735
7	50570136
7	50572890
7	82438734
7	82465234
7	103924336
7	127733822
7	158505638
8	22703557
8	101358380
9	4292083
9	6070342
9	6098662
9	33113322
9	102337331
9	102368541
9	102386706
9	127049765
10	5869839
10	6087295
10	6098824
10	6101713
10	6106266
10	6106552
10	6108439
10	6135025
10	6158412
10	6177083
10	6181709
10	7750579
10	19119654
10	21137901
10	21181703
10	33358070
10	33373750
10	33426147
10	54529257
10	90023033
10	90042154
10	124012547
10	130382101
10	130389392
10	130394371
11	2101283
11	2108794
11	2163110
11	2170143
11	2171601
11	2186335
11	2190951
11	2198418
11	2213166
11	2222913
11	2234690
11	2271323
11	2281501
11	2286454
11	2305813
11	2306026
11	18295810
11	56542757
11	99152801
11	118112911
11	128589472
11	128604232
12	9833628
12	9851929
12	9876091
12	12657513
12	12674965
12	56368078
12	56369506
12	56412487
12	56488913
12	56491880
12	56518408
12	56564811
12	58343710
12	58350631
12	69284330
12	69286317
12	78528771
12	80937753
12	111323418
12	111340243
12	111438001
12	111504033
12	111536822
12	111590492
12	111664061
12	111692124
12	111706877
12	111738287
12	111742222
12	111753808
12	111756438
12	111774068
12	111778178
12	111785586
12	111788402
12	111798553
12	111833589
12	111895272
12	111941120
12	111952167
12	111969448
12	111974280
12	112072424
12	112131698
12	112204427
12	112206895
12	112230036
12	112235783
12	112306165
12	112375990
12	112443960
12	112521448
12	112525073
12	112537738
12	112610714
12	112740709
12	112771063
12	112776042
12	112794714
12	112909340
12	112922529
12	112981571
12	112985328
12	113036817
13	31041595
13	71496417
13	71513716
13	75839022
13	76373924
13	91667396
13	91692027
13	91723106
14	22903462
14	22905065
14	69288432
14	69310512
14	101303361
15	31947042
15	38869666
15	38907041
15	38910544
15	38921861
15	38994113
15	57677232
15	79231478
15	80265888
16	11034959
16	11042194
16	11052924
16	11061997
16	11088808
16	11092319
16	11103725
16	11111347
16	11114006
16	11138812
16	11150248
16	11167914
16	11169683
16	11174652
16	11189888
16	11199678
16	11199980
16	11201428
16	11203730
16	11210415
16	11214655
16	11238783
16	11241906
16	11350965
16	11403893
16	11406803
16	28301487
16	28304997
16	28318440
16	28333411
16	28539848
16	28543381
16	28550667
16	28583215
16	28584937
16	28594549
16	28837515
16	56937855
16	65247923
16	75246419
16	75247245
16	75295639
16	75486648
17	3910613
17	3923129
17	38062196
17	38069949
17	38182229
17	43376447
17	65841318
17	65870073
17	65898809
17	65947640
17	71167102
18	12747012
18	12809340
18	12817815
18	12835976
18	46453463
18	46773520
18	46860917
18	46987640
18	67524973
18	67535184
18	67538824
18	72338313
18	72345890
18	72352675
19	499978
19	10577843
19	18512932
19	18517767
19	47208481
19	47214411
19	47287939
20	1609952
20	1612491
20	1664840
20	9393937
20	9405059
20	44334394
20	46863261
21	43125561
21	43841328
21	43841905
21	43848521
21	45755360
21	46926551
22	30111302
22	30128380
22	30133579
22	30150549
22	30151582
22	30153655
22	30153721
22	30157940
22	30184599
22	30185613
22	30206291
22	30264274
22	30357801
22	30494371
22	30529631
22	30581722
22	31108151
22	31138869
22	37544245
22	37553725
22	37555585
22	37558356
22	37581485
22	37635055
1	4380518
1	22549397
1	22550624
1	35951038
1	35974469
1	36018062
1	36027711
1	64108771
1	64109359
1	64117537
1	64124979
1	64125072
1	64125234
1	64127936
1	113767158
1	113922845
1	113967405
1	113974263
1	113985456
1	113996866
1	114063523
1	114084544
1	114089316
1	114111036
1	114139991
1	114303808
1	114396955
1	114412667
1	114436482
1	114447034
1	114471583
1	114529760
1	114531480
1	114541955
1	172677174
1	172678854
1	183295930
1	193437106
1	193439175
1	193443746
1	198660143
1	212894474
1	212917980
1	212925429
1	212944877
1	212946919
1	212969128
1	212972599
1	212986554
1	213005012
1	215631500
1	225812911
2	12660148
2	19911287
2	43632950
2	100757280
2	100759457
2	100761473
2	100763900
2	100764125
2	100765692
2	100775045
2	100789907
2	100795207
2	204708776
2	204717713
2	204720139
2	204738919
3	12550235
3	12564302
3	12609937
3	12690855
3	159562497
4	123029044
4	123329362
4	123333671
4	123344695
4	123370387
4	123497833
4	123500669
4	123525335
4	166590772
5	35904889
5	35908015
5	35908474
6	25082105
6	25099116
6	25137516
6	25506072
6	25516795
6	25841122
6	25859554
6	25864362
6	25864898
6	25869371
6	25869848
6	25885181
6	25885552
6	25885814
6	25951709
6	26031811
6	26072445
6	26211395
6	26227104
6	26319486
6	26340785
6	26345141
6	26354780
6	26355758
6	26362643
6	26362705
6	26364930
6	26365346
6	26373678
6	26377546
6	26380545
6	26381125
6	26381206
6	26394159
6	26394320
6	26396203
6	26398555
6	26401438
6	26404958
6	26472114
6	26474044
6	26527945
6	26528250
6	26536687
6	26542894
6	26546808
6	26553273
6	26553815
6	26562486
6	26598004
6	26618459
6	26622734
6	26622904
6	26643435
6	26643996
6	26662920
6	27057518
6	27185792
6	27224633
6	27278020
6	27380202
6	27688369
6	27688667
6	27719375
6	27746590
6	27750858
6	27773832
6	27808192
6	27813694
6	27928445
6	27970031
6	27977737
6	27979188
6	27980220
6	27987650
6	27987776
6	28002963
6	28011652
6	28023751
6	28024408
6	28033174
6	28033396
6	28033523
6	28054707
6	28064623
6	28077374
6	28077602
6	28078303
6	28078411
6	28100640
6	28103648
6	28103691
6	28109960
6	28110148
6	28113373
6	28135660
6	28166923
6	28168726
6	28169158
6	28173010
6	28207363
6	28214698
6	28243042
6	28295039
6	28308034
6	28309136
6	28316478
6	28341877
6	28354533
6	28365515
6	28368940
6	28370246
6	28533946
6	28542520
6	28576143
6	28602272
6	28665362
6	28671422
6	28724852
6	28734676
6	28758828
6	28782511
6	28795856
6	28826405
6	28855805
6	28855831
6	28941688
6	28968930
6	28996177
6	29057639
6	29073094
6	29167575
6	29180721
6	29207570
6	29255886
6	29260431
6	29262956
6	29286670
6	29295894
6	29306656
6	29342825
6	29359112
6	29364615
6	29364951
6	29371884
6	29376385
6	29391936
6	29395499
6	29402687
6	29415075
6	29415636
6	29426203
6	29435355
6	29440257
6	29444121
6	29458241
6	29461730
6	29475039
6	29475142
6	29483019
6	29546799
6	29548089
6	29563067
6	29575405
6	29580588
6	29581011
6	29581343
6	29585383
6	29586384
6	29607429
6	29607476
6	29623594
6	29623739
6	29624894
6	29628883
6	29629774
6	29645613
6	29645634
6	29649105
6	29652576
6	29653377
6	29670573
6	29670652
6	29675791
6	29677952
6	29680657
6	29692729
6	29698050
6	29703823
6	29707307
6	29711747
6	29712175
6	29712759
6	29725295
6	29726046
6	29757715
6	29762178
6	29778029
6	29805922
6	29806062
6	29808032
6	29811750
6	29812505
6	29812807
6	29812834
6	29813016
6	29820002
6	29828435
6	29828467
6	29829407
6	29832867
6	29833948
6	29834472
6	29835654
6	29836463
6	29918538
6	29937104
6	29937262
6	29938777
6	29951011
6	29954364
6	29960359
6	29961439
6	29964948
6	29965501
6	29968275
6	29971548
6	29984252
6	29985849
6	29986324
6	29986427
6	29987738
6	29992737
6	29993196
6	30000280
6	30006765
6	30006876
6	30010139
6	30010508
6	30019206
6	30025759
6	30025984
6	30026290
6	30026350
6	30033690
6	30035457
6	30036471
6	30048305
6	30059592
6	30061555
6	30084549
6	30102184
6	30103049
6	30103331
6	30103360
6	30105349
6	30106024
6	30106296
6	30108751
6	30109412
6	30109482
6	30109861
6	30116160
6	30116985
6	30117101
6	30127873
6	30145083
6	30152467
6	30158127
6	30169327
6	30178287
6	30179422
6	30190640
6	30193513
6	30199512
6	30201955
6	30202571
6	30231829
6	30232250
6	30232953
6	30234152
6	30234668
6	30234721
6	30236754
6	30269561
6	30271144
6	30281402
6	30284375
6	30285955
6	30309105
6	30321057
6	30321336
6	30321482
6	30321732
6	30327753
6	30328192
6	30328357
6	30329966
6	30340086
6	30340397
6	30342512
6	30342966
6	30343251
6	30346918
6	30347239
6	30347720
6	30348340
6	30349201
6	30349294
6	30358591
6	30358957
6	30360602
6	30363351
6	30363373
6	30363428
6	30363945
6	30364587
6	30367227
6	30367535
6	30368092
6	30368457
6	30383442
6	30383768
6	30383876
6	30416985
6	30454076
6	30561724
6	30577966
6	30578048
6	30596135
6	30601821
6	30684686
6	30692965
6	30730960
6	30740160
6	30747216
6	30754540
6	30758348
6	30760025
6	30763291
6	30763632
6	30764081
6	30764241
6	30765895
6	30766945
6	30767129
6	30767538
6	30767627
6	30767869
6	30772344
6	30773314
6	30778203
6	30787175
6	30789608
6	30795328
6	30797083
6	30857542
6	30857988
6	30869714
6	30876438
6	30878769
6	30878919
6	30895680
6	30913458
6	30975649
6	31002301
6	31018448
6	31021161
6	31022158
6	31025479
6	31025848
6	31030122
6	31041493
6	31042070
6	31042306
6	31042608
6	31042769
6	31051388
6	31052098
6	31053867
6	31080432
6	31080828
6	31081838
6	31087133
6	31094195
6	31098957
6	31133894
6	31143652
6	31155785
6	31162328
6	31176602
6	31177094
6	31179033
6	31196671
6	31198709
6	31205617
6	31206920
6	31206979
6	31210866
6	31269129
6	31269382
6	31318177
6	31327723
6	31333562
6	31336000
6	31336418
6	31340075
6	31340807
6	31343632
6	31343827
6	31343844
6	31351887
6	31352880
6	31353417
6	31353689
6	31379931
6	31383848
6	31386019
6	31400935
6	31417510
6	31417742
6	31418022
6	31420500
6	31420687
6	31425499
6	31436639
6	31446710
6	31448533
6	31449269
6	31498737
6	31542308
6	31590898
6	31611840
6	31618121
6	31627449
6	31654732
6	31688200
6	31688217
6	31690009
6	31710968
6	31715882
6	31836151
6	31883679
6	31919917
6	31920687
6	31924327
6	32059867
6	32066177
6	32092207
6	32105512
6	32140277
6	32140487
6	32165444
6	32186245
6	32186348
6	32192436
6	32199144
6	32200147
6	32208324
6	32212264
6	32213052
6	32216850
6	32217185
6	32217367
6	32219962
6	32233886
6	32234015
6	32236142
6	32243129
6	32243155
6	32273158
6	32280462
6	32281510
6	32288190
6	32288462
6	32305690
6	32306090
6	32313097
6	32315654
6	32336161
6	32345086
6	32345689
6	32351566
6	32357133
6	32359431
6	32363527
6	32363816
6	32373185
6	32373232
6	32383410
6	32383633
6	32383858
6	32384527
6	32385099
6	32385470
6	32387752
6	32387860
6	32388308
6	32388574
6	32388709
6	32408842
6	32412435
6	32412592
6	32430362
6	32581889
6	32664093
6	32670495
6	32690001
6	32690945
6	32700684
6	32700833
6	32703108
6	32711782
6	32714783
6	32722852
6	32731960
6	32732210
6	32736103
6	32736144
6	32738115
6	32740411
6	32751614
6	32759252
6	32782018
6	32787036
6	32787175
6	32787337
6	32800412
6	32804070
6	32817130
6	32826233
6	32829714
6	32855275
6	32865338
6	32871536
6	32880545
6	32917980
6	32938199
6	32972207
6	32975014
6	32979020
6	32979609
6	33018377
6	33023894
6	33024499
6	33024606
6	33042551
6	33045500
6	33047031
6	33055247
6	33055780
6	33055899
6	33055946
6	33056069
6	33058874
6	33060428
6	33060840
6	33069893
6	33070749
6	33071322
6	33072539
6	33075666
6	33076090
6	33079812
6	33097964
6	33100427
6	33100590
6	33109556
6	33109658
6	33124693
6	33404064
6	33408542
6	33496632
6	33542478
6	33575009
6	33579661
6	33668514
6	33787506
6	33804310
6	33807091
6	33807638
6	33850861
6	33858199
6	71116172
6	73895541
6	73913780
6	73948431
6	112040666
6	112048868
6	126752798
6	126764190
6	126806676
6	143612606
7	18858570
7	26877189
7	50309615
7	50320961
7	50466304
7	82473388
7	127796952
8	84276509
8	101389202
8	101637840
9	4290085
9	4291268
9	9989624
9	17668639
9	17674872
9	17683495
9	17688527
9	17690011
9	17691186
9	17691204
9	102331281
9	102332047
9	102332273
9	102333777
9	102334338
9	102334728
9	102334864
10	6079479
10	6092055
10	6092093
10	6099045
10	6108340
10	6177848
10	6178941
10	7741956
10	7752719
10	17321511
10	21132587
10	33367804
10	33374204
10	33374735
10	33414748
10	33418872
10	33423693
10	33427220
11	2050299
11	2223360
11	2270241
11	2298259
11	103792043
11	118094921
12	56379427
12	56384687
12	56390636
12	58332351
12	111690579
12	111786892
12	111830485
12	111862575
12	112003350
12	112113658
12	112130199
12	112146911
12	112164715
12	112168050
12	112190438
12	112233018
12	112246954
12	112277576
12	112281013
12	112324846
12	112327057
12	112337362
12	112339015
12	112367921
12	112410077
12	112410186
12	112434504
12	112460749
12	112571169
12	112598321
12	112667675
12	112708426
12	112740315
12	112941571
12	112963560
12	112977777
12	113119813
12	113124577
13	75838662
14	22890411
14	22892461
15	38868788
15	38902476
15	38920447
15	38991164
15	57674330
16	11039693
16	11072459
16	11125293
16	11179873
16	11193930
16	11196041
16	11207617
16	11207722
16	11256936
16	11337721
16	11345699
16	11415117
16	11462478
16	20342572
16	28307940
16	28490517
16	28549508
16	28554108
16	28568678
16	28570005
16	28593347
16	28593597
16	28596884
16	56937998
16	75263661
16	75432649
17	38064405
17	38067020
17	38179492
17	43493101
17	43516402
18	12782761
18	12789246
18	12821903
18	12834359
18	12877060
19	18533642
20	9392072
20	9405485
20	20185874
20	46863384
20	47833418
22	30208608
22	30393503
22	30537526
22	30544559
22	30567907
22	37544810
22	37551607
22	37591290
22	37591318
1	22551925
1	35843029
1	36461122
1	40028180
1	64125439
1	114082932
1	114438951
1	114523465
1	114535293
1	172501643
1	172613241
1	206939904
2	11150378
2	19903972
2	60217093
2	99272057
2	100796248
2	163207480
2	163213723
2	163260691
2	191902758
2	204740866
2	204756905
3	159551651
4	123561067
5	35901857
5	35919618
6	25426858
6	25519515
6	25841408
6	25862466
6	25863605
6	25928376
6	26354572
6	26355283
6	26451553
6	26467182
6	26629404
6	27024687
6	27080460
6	27090404
6	27229265
6	27261324
6	27271343
6	27300580
6	27310533
6	27534528
6	27726731
6	27773664
6	27815494
6	27890631
6	28018944
6	28021589
6	28055495
6	28076886
6	28155314
6	28173219
6	28204793
6	28282648
6	28321544
6	28391465
6	28447915
6	28512017
6	28627469
6	28893927
6	29031142
6	29178514
6	29337500
6	29342775
6	29395747
6	29397779
6	29468809
6	29537975
6	29575456
6	29581041
6	29653186
6	29653329
6	29698821
6	29700183
6	29725321
6	29811709
6	29916618
6	29988642
6	29992261
6	29992286
6	30004052
6	30011934
6	30062058
6	30065319
6	30093137
6	30114955
6	30115542
6	30260982
6	30321189
6	30321361
6	30327839
6	30332555
6	30347833
6	30451904
6	30627867
6	30693816
6	30697447
6	30726939
6	30728360
6	30764420
6	30921882
6	30972589
6	30972865
6	31002013
6	31052127
6	31054511
6	31058178
6	31058340
6	31081409
6	31095801
6	31101674
6	31113214
6	31129707
6	31167498
6	31184020
6	31336250
6	31336568
6	31352040
6	31362930
6	31435869
6	31440552
6	31446796
6	31448862
6	31448976
6	31481299
6	31512799
6	31575276
6	31602967
6	31613739
6	31615167
6	31718602
6	31721033
6	31764899
6	31777946
6	31794592
6	31916951
6	31933161
6	31933518
6	32141883
6	32151222
6	32161366
6	32161430
6	32179896
6	32182759
6	32189032
6	32324945
6	32341398
6	32389648
6	32658079
6	32670000
6	32689529
6	32713867
6	32782582
6	32795032
6	32905811
6	32955976
6	32965942
6	32972642
6	32978587
6	33003687
6	33045558
6	33075635
6	33095516
6	33154656
6	33312308
6	33328518
6	33542538
6	33644253
6	33773199
6	36035354
6	90973159
6	126655243
6	126698719
6	126877523
6	126970895
7	99460107
8	58449229
9	112070162
10	6086292
10	6123495
10	33430409
11	3035070
11	119837112
12	9910164
12	12634110
12	12659894
12	56364321
12	111546165
12	111614736
12	111887659
12	112062875
12	112123284
12	112146555
12	112146964
12	112163646
12	112338539
12	112463296
12	112486818
12	113016553
12	113125311
12	113156423
14	22942149
14	34509293
14	98498951
15	50434908
15	57677266
15	80268819
16	11062936
16	11142720
16	11403963
16	28586127
17	3943543
17	37922259
17	38025417
17	38040763
18	12797694
19	47276454
21	43836186
21	43836390
21	43846729
22	30399417
